-11	-22	100	48
0	0	0	0
-44	-41	68	26
0	0	0	0
-39	-35	75	32
0	0	0	0
-12	-15	128	40
0	0	0	0
-48	-17	57	-36
0	0	0	0
17	3	86	22
0	0	0	0
20	15	65	16
0	0	0	0
24	0	-39	26
0	0	0	0
14	3	7	30
0	0	0	0
-11	-40	71	74
0	0	0	0
-4	-19	59	50
0	0	0	0
6	13	21	2
0	0	0	0
1	27	-54	-46
0	0	0	0
-52	-19	40	-16
0	0	0	0
7	-16	132	48
0	0	0	0
-60	-43	25	-2
0	0	0	0
0	5	47	16
0	0	0	0
15	25	32	-26
0	0	0	0
-45	-9	7	-30
0	0	0	0
-33	3	10	-42
0	0	0	0
17	11	60	-6
0	0	0	0
-44	-34	89	20
0	0	0	0
-31	-10	30	-14
0	0	0	0
-23	-10	29	14
0	0	0	0
-10	15	36	-46
0	0	0	0
-43	-29	132	10
0	0	0	0
-29	-1	37	-18
0	0	0	0
2	19	-61	-36
0	0	0	0
8	-6	125	40
0	0	0	0
-50	-30	47	0
0	0	0	0
26	19	68	-2
0	0	0	0
-46	-9	56	-30
0	0	0	0
-31	-31	35	26
0	0	0	0
29	17	31	24
0	0	0	0
-30	-32	-6	18
0	0	0	0
-38	-15	71	-14
0	0	0	0
-26	-18	37	6
0	0	0	0
-25	-45	132	68
0	0	0	0
-55	-44	137	16
0	0	0	0
28	11	54	10
0	0	0	0
-29	-31	121	16
0	0	0	0
-34	-2	51	-28
0	0	0	0
-29	-27	8	16
0	0	0	0
13	6	106	20
0	0	0	0
-17	-27	37	36
0	0	0	0
14	10	-24	-16
0	0	0	0
-22	-8	54	-22
0	0	0	0
-22	13	-9	-46
0	0	0	0
-4	18	-27	-38
0	0	0	0
-32	-9	87	-24
0	0	0	0
-14	-5	35	-26
0	0	0	0
2	-3	36	0
0	0	0	0
-4	8	28	-16
0	0	0	0
-18	5	21	-46
0	0	0	0
-46	-32	61	12
0	0	0	0
-14	21	22	-62
0	0	0	0
13	10	-4	-8
0	0	0	0
-21	7	-3	-28
0	0	0	0
-58	-39	40	-10
0	0	0	0
5	-10	62	34
0	0	0	0
-18	1	47	-22
0	0	0	0
40	27	25	30
0	0	0	0
-24	-3	47	-32
0	0	0	0
-4	-13	-9	22
0	0	0	0
-4	5	20	-4
0	0	0	0
11	42	26	-62
0	0	0	0
23	13	73	16
0	0	0	0
-39	-20	54	16
0	0	0	0
11	-13	83	52
0	0	0	0
-36	-26	-6	-2
0	0	0	0
27	12	-18	22
0	0	0	0
-14	4	95	-4
0	0	0	0
1	-15	66	58
0	0	0	0
-43	-25	145	16
0	0	0	0
-11	-11	150	30
0	0	0	0
21	32	40	-28
0	0	0	0
21	28	-2	-26
0	0	0	0
-28	-12	38	-14
0	0	0	0
25	9	88	16
0	0	0	0
-31	-21	64	8
0	0	0	0
-39	-21	78	-10
0	0	0	0
-11	-14	48	0
0	0	0	0
-43	-13	51	-38
0	0	0	0
-36	-36	146	34
0	0	0	0
6	-28	110	66
0	0	0	0
16	7	93	16
0	0	0	0
-10	14	-43	-30
0	0	0	0
-18	-20	78	38
0	0	0	0
-23	-2	45	-12
0	0	0	0
34	22	-51	8
0	0	0	0
-29	-29	50	20
0	0	0	0
0	-12	68	34
0	0	0	0
18	20	3	-6
0	0	0	0
-33	-25	7	14
0	0	0	0
18	-15	21	58
0	0	0	0
-48	-31	96	8
0	0	0	0
-52	-10	48	-34
0	0	0	0
-10	-17	72	44
0	0	0	0
-50	-17	26	-14
0	0	0	0
-3	21	-42	-30
0	0	0	0
22	4	17	20
0	0	0	0
-5	20	-49	-34
0	0	0	0
-20	4	27	-40
0	0	0	0
-39	-28	70	6
0	0	0	0
12	16	3	-16
0	0	0	0
-13	4	33	-14
0	0	0	0
31	9	30	46
0	0	0	0
-30	-30	7	26
0	0	0	0
6	-4	139	34
0	0	0	0
32	15	26	14
0	0	0	0
-36	-7	28	-10
0	0	0	0
-41	-20	71	-16
0	0	0	0
7	8	-46	-22
0	0	0	0
-6	-18	26	24
0	0	0	0
-20	-35	84	58
0	0	0	0
0	-15	131	40
0	0	0	0
-29	-10	113	4
0	0	0	0
-43	-25	145	16
0	0	0	0
-48	-24	88	10
0	0	0	0
-25	-33	135	28
0	0	0	0
5	-17	125	44
0	0	0	0
-14	-21	142	42
0	0	0	0
-17	-11	66	12
0	0	0	0
9	12	24	-18
0	0	0	0
-33	-11	65	-16
0	0	0	0
-10	-22	135	52
0	0	0	0
6	1	8	4
0	0	0	0
-36	-20	36	-6
0	0	0	0
-7	1	70	-14
0	0	0	0
-16	-27	85	50
0	0	0	0
5	20	10	-36
0	0	0	0
25	5	4	16
0	0	0	0
14	17	52	-10
0	0	0	0
23	14	-16	-8
0	0	0	0
33	19	74	24
0	0	0	0
20	8	60	4
0	0	0	0
-24	-21	73	6
0	0	0	0
-17	12	6	-42
0	0	0	0
34	14	17	38
0	0	0	0
5	-24	75	58
0	0	0	0
15	25	19	-36
0	0	0	0
6	-1	92	10
0	0	0	0
2	16	-11	-40
0	0	0	0
10	34	-67	-42
0	0	0	0
-5	-9	69	10
0	0	0	0
3	14	-21	-8
0	0	0	0
-29	-13	-5	-8
0	0	0	0
-28	-17	30	0
0	0	0	0
-32	-13	16	-14
0	0	0	0
10	-6	98	34
0	0	0	0
1	28	-33	-46
0	0	0	0
-45	-25	78	-20
0	0	0	0
6	3	-21	10
0	0	0	0
-56	-27	68	-16
0	0	0	0
-15	-37	36	60
0	0	0	0
31	21	46	16
0	0	0	0
-19	-5	80	2
0	0	0	0
-35	-23	105	12
0	0	0	0
-11	-3	82	0
0	0	0	0
11	2	7	24
0	0	0	0
-37	-60	179	76
0	0	0	0
6	-15	89	52
0	0	0	0
-48	-39	54	14
0	0	0	0
22	17	-4	6
0	0	0	0
1	15	4	-50
0	0	0	0
-41	-19	118	4
0	0	0	0
2	2	83	16
0	0	0	0
-42	-27	70	-2
0	0	0	0
-9	-5	52	24
0	0	0	0
8	-2	86	6
0	0	0	0
-52	-24	90	-18
0	0	0	0
15	9	-13	16
0	0	0	0
-40	-20	-7	-8
0	0	0	0
-13	15	-1	-36
0	0	0	0
-10	23	36	-54
0	0	0	0
-26	-16	-5	2
0	0	0	0
-21	-3	94	-4
0	0	0	0
18	-6	113	44
0	0	0	0
-28	-28	48	40
0	0	0	0
20	3	78	38
0	0	0	0
16	9	-4	0
0	0	0	0
4	0	-28	8
0	0	0	0
-15	-3	136	12
0	0	0	0
-12	12	42	-38
0	0	0	0
-40	-8	-7	-20
0	0	0	0
-19	2	88	-14
0	0	0	0
-24	-41	96	74
0	0	0	0
-9	21	-42	-44
0	0	0	0
-11	17	-57	-36
0	0	0	0
18	5	8	28
0	0	0	0
-26	-43	110	72
0	0	0	0
6	-7	118	36
0	0	0	0
17	19	86	6
0	0	0	0
-31	-25	103	42
0	0	0	0
-23	-12	58	8
0	0	0	0
-37	-41	48	32
0	0	0	0
-26	-4	66	-16
0	0	0	0
-29	-12	113	6
0	0	0	0
2	-2	83	20
0	0	0	0
-5	-29	137	52
0	0	0	0
-8	2	43	-28
0	0	0	0
-50	-11	84	-36
0	0	0	0
-26	-6	53	-24
0	0	0	0
-33	-10	15	-10
0	0	0	0
-25	-52	82	82
0	0	0	0
-30	-55	109	84
0	0	0	0
22	10	43	34
0	0	0	0
-19	-28	69	62
0	0	0	0
10	21	9	-16
0	0	0	0
-29	-9	-5	-12
0	0	0	0
-35	-11	66	-30
0	0	0	0
-15	-3	39	-2
0	0	0	0
-29	-31	131	54
0	0	0	0
14	13	-6	10
0	0	0	0
11	5	28	22
0	0	0	0
18	18	100	10
0	0	0	0
-56	-29	39	-6
0	0	0	0
43	2	12	52
0	0	0	0
-53	-18	26	-20
0	0	0	0
-40	-20	90	6
0	0	0	0
-22	-10	64	18
0	0	0	0
-7	-23	151	42
0	0	0	0
-9	1	-16	-4
0	0	0	0
-17	10	48	-38
0	0	0	0
8	-4	44	6
0	0	0	0
2	-19	62	36
0	0	0	0
-15	8	5	-24
0	0	0	0
1	1	98	6
0	0	0	0
2	21	23	-34
0	0	0	0
31	-2	51	58
0	0	0	0
17	31	-53	-22
0	0	0	0
-54	-38	62	-10
0	0	0	0
-10	-12	122	32
0	0	0	0
-39	-32	41	18
0	0	0	0
18	-3	37	28
0	0	0	0
7	-16	90	46
0	0	0	0
-8	7	35	-24
0	0	0	0
15	23	3	-16
0	0	0	0
-41	-34	84	8
0	0	0	0
5	0	65	-4
0	0	0	0
-5	7	-12	-38
0	0	0	0
-31	-8	30	-16
0	0	0	0
-30	-54	159	76
0	0	0	0
-11	6	35	-30
0	0	0	0
7	-11	40	48
0	0	0	0
-26	-16	8	12
0	0	0	0
4	-1	19	30
0	0	0	0
-17	-10	61	-8
0	0	0	0
-33	-24	83	26
0	0	0	0
-41	-23	89	16
0	0	0	0
23	34	26	-26
0	0	0	0
-3	-6	47	20
0	0	0	0
8	38	5	-66
0	0	0	0
-9	-29	52	48
0	0	0	0
32	24	18	14
0	0	0	0
2	25	10	-48
0	0	0	0
26	14	102	14
0	0	0	0
9	-11	126	38
0	0	0	0
-16	-26	64	48
0	0	0	0
-46	-32	103	14
0	0	0	0
14	3	120	26
0	0	0	0
-24	-23	73	8
0	0	0	0
15	19	100	2
0	0	0	0
-39	-53	88	60
0	0	0	0
-13	-15	93	36
0	0	0	0
-33	2	31	-40
0	0	0	0
-27	-26	28	30
0	0	0	0
6	27	-60	-44
0	0	0	0
-31	-21	161	22
0	0	0	0
25	17	88	8
0	0	0	0
-28	-2	80	-22
0	0	0	0
-2	-17	145	38
0	0	0	0
34	28	-9	4
0	0	0	0
-32	-43	123	68
0	0	0	0
-41	-27	131	22
0	0	0	0
15	10	37	8
0	0	0	0
10	-1	77	28
0	0	0	0
-15	-3	68	-10
0	0	0	0
-2	-1	77	0
0	0	0	0
8	15	78	-2
0	0	0	0
-41	-28	26	18
0	0	0	0
-30	-27	96	46
0	0	0	0
-35	-5	24	-38
0	0	0	0
-11	-13	-44	4
0	0	0	0
-49	-23	74	6
0	0	0	0
-20	-18	66	12
0	0	0	0
38	32	5	10
0	0	0	0
-25	-17	25	-12
0	0	0	0
-24	-4	-3	-24
0	0	0	0
-18	-28	65	36
0	0	0	0
-44	-35	13	8
0	0	0	0
-10	2	67	6
0	0	0	0
33	27	-10	12
0	0	0	0
8	21	23	-20
0	0	0	0
-29	-3	11	-36
0	0	0	0
-44	-29	68	14
0	0	0	0
-12	10	0	-38
0	0	0	0
-58	-26	90	-30
0	0	0	0
29	14	23	36
0	0	0	0
3	18	50	-18
0	0	0	0
-26	-17	100	8
0	0	0	0
-32	-20	105	16
0	0	0	0
-49	-7	35	-40
0	0	0	0
25	25	-25	4
0	0	0	0
-2	-15	116	44
0	0	0	0
10	7	6	26
0	0	0	0
19	23	33	-24
0	0	0	0
-35	-26	71	4
0	0	0	0
-13	6	36	-44
0	0	0	0
10	-3	77	30
0	0	0	0
-29	-17	66	-10
0	0	0	0
-36	-26	62	20
0	0	0	0
-37	-21	106	-4
0	0	0	0
-1	10	10	-40
0	0	0	0
-47	-25	47	2
0	0	0	0
30	11	53	24
0	0	0	0
26	8	86	38
0	0	0	0
2	4	15	-8
0	0	0	0
31	1	59	46
0	0	0	0
21	11	87	14
0	0	0	0
8	-11	62	42
0	0	0	0
1	12	9	-28
0	0	0	0
-42	-23	125	6
0	0	0	0
37	24	12	16
0	0	0	0
-49	-21	61	-6
0	0	0	0
5	14	10	-30
0	0	0	0
-13	7	28	-36
0	0	0	0
-40	-30	-7	2
0	0	0	0
-17	-3	-44	-20
0	0	0	0
15	12	21	24
0	0	0	0
5	31	-53	-50
0	0	0	0
25	14	-72	-6
0	0	0	0
4	0	85	4
0	0	0	0
-50	-26	60	6
0	0	0	0
-31	-43	61	58
0	0	0	0
-17	16	6	-46
0	0	0	0
13	39	-9	-56
0	0	0	0
-3	6	8	-22
0	0	0	0
12	34	19	-52
0	0	0	0
9	-7	97	42
0	0	0	0
31	22	25	14
0	0	0	0
-27	-13	107	2
0	0	0	0
-48	-32	75	8
0	0	0	0
8	11	-45	-32
0	0	0	0
-47	-21	47	-2
0	0	0	0
-8	-24	24	44
0	0	0	0
-57	-24	25	-14
0	0	0	0
20	21	10	-2
0	0	0	0
11	-6	91	36
0	0	0	0
10	20	-38	-36
0	0	0	0
-1	15	57	-24
0	0	0	0
-14	7	61	-18
0	0	0	0
14	17	107	2
0	0	0	0
-10	2	28	-24
0	0	0	0
-11	-13	24	26
0	0	0	0
-14	-23	113	52
0	0	0	0
-2	24	-41	-40
0	0	0	0
-15	-17	68	4
0	0	0	0
-29	-39	76	50
0	0	0	0
-25	-33	135	28
0	0	0	0
-19	-26	114	34
0	0	0	0
9	32	-60	-42
0	0	0	0
16	-2	85	34
0	0	0	0
17	9	2	12
0	0	0	0
-39	-47	130	56
0	0	0	0
30	29	-31	2
0	0	0	0
-38	-35	55	24
0	0	0	0
23	10	49	46
0	0	0	0
-36	-24	78	0
0	0	0	0
40	19	-30	26
0	0	0	0
8	-5	20	34
0	0	0	0
29	19	44	32
0	0	0	0
-52	-38	103	6
0	0	0	0
5	-13	96	48
0	0	0	0
14	-1	120	30
0	0	0	0
-41	-21	8	-18
0	0	0	0
-31	-30	85	18
0	0	0	0
36	26	-10	20
0	0	0	0
-20	1	45	-8
0	0	0	0
-54	-25	54	-14
0	0	0	0
10	15	-4	-20
0	0	0	0
8	-16	83	48
0	0	0	0
-14	-39	113	68
0	0	0	0
-10	-26	106	64
0	0	0	0
18	-8	100	36
0	0	0	0
3	-9	81	48
0	0	0	0
-13	-20	114	42
0	0	0	0
-12	4	110	-8
0	0	0	0
-6	-10	-29	4
0	0	0	0
-8	-25	71	66
0	0	0	0
-44	-35	123	32
0	0	0	0
30	23	95	14
0	0	0	0
-18	-42	133	72
0	0	0	0
-14	-16	24	22
0	0	0	0
1	7	-2	14
0	0	0	0
-39	-41	62	28
0	0	0	0
-38	-51	123	62
0	0	0	0
-34	-7	-12	-26
0	0	0	0
-12	-11	128	36
0	0	0	0
-9	3	0	-24
0	0	0	0
18	24	-10	-20
0	0	0	0
24	6	58	34
0	0	0	0
17	17	73	-2
0	0	0	0
-46	-39	179	34
0	0	0	0
24	-2	45	32
0	0	0	0
-22	-18	77	36
0	0	0	0
-17	-20	126	52
0	0	0	0
-32	-32	131	48
0	0	0	0
-27	-28	167	48
0	0	0	0
-40	-54	200	64
0	0	0	0
-1	3	-40	-26
0	0	0	0
-42	-26	78	-12
0	0	0	0
18	16	-39	-4
0	0	0	0
-3	-7	97	14
0	0	0	0
-29	-14	-26	-8
0	0	0	0
-7	-28	101	54
0	0	0	0
-21	-2	31	-8
0	0	0	0
11	-4	62	42
0	0	0	0
-3	-10	131	28
0	0	0	0
21	-8	50	50
0	0	0	0
-58	-36	90	-20
0	0	0	0
32	11	39	28
0	0	0	0
-46	-41	-2	18
0	0	0	0
-19	-44	140	72
0	0	0	0
-10	13	-9	-18
0	0	0	0
28	29	-72	-14
0	0	0	0
-18	2	-3	-16
0	0	0	0
-62	-45	123	0
0	0	0	0
-22	-40	119	60
0	0	0	0
-1	16	49	-16
0	0	0	0
-34	-45	82	54
0	0	0	0
-21	-29	78	40
0	0	0	0
21	26	-18	-6
0	0	0	0
-49	-31	48	-6
0	0	0	0
-33	-29	49	20
0	0	0	0
-11	4	35	-28
0	0	0	0
34	12	46	32
0	0	0	0
-32	-7	100	-16
0	0	0	0
34	8	59	46
0	0	0	0
-43	-31	103	20
0	0	0	0
30	28	-23	-6
0	0	0	0
-37	-51	145	56
0	0	0	0
41	22	26	28
0	0	0	0
4	5	-4	-24
0	0	0	0
14	10	44	6
0	0	0	0
-24	-21	15	22
0	0	0	0
-15	-24	70	58
0	0	0	0
-51	-14	41	-28
0	0	0	0
-10	-3	130	14
0	0	0	0
-28	-28	132	44
0	0	0	0
4	-8	69	30
0	0	0	0
11	-12	20	48
0	0	0	0
-22	-33	56	50
0	0	0	0
-12	-5	76	-10
0	0	0	0
-3	-19	123	46
0	0	0	0
-12	14	55	-30
0	0	0	0
-8	20	56	-36
0	0	0	0
-32	-30	34	32
0	0	0	0
-6	-9	-8	4
0	0	0	0
-47	-26	84	-14
0	0	0	0
-35	-37	144	56
0	0	0	0
-24	-18	62	40
0	0	0	0
-30	-34	146	46
0	0	0	0
39	1	32	54
0	0	0	0
-37	-9	-7	-12
0	0	0	0
33	23	-23	6
0	0	0	0
-14	-23	84	60
0	0	0	0
-59	-30	81	-10
0	0	0	0
-4	31	10	-68
0	0	0	0
-37	-13	106	-12
0	0	0	0
22	11	64	34
0	0	0	0
16	6	30	14
0	0	0	0
-28	-21	85	16
0	0	0	0
-1	1	25	26
0	0	0	0
-24	-31	125	56
0	0	0	0
1	3	-12	-20
0	0	0	0
-38	-25	55	14
0	0	0	0
-10	-7	59	24
0	0	0	0
-18	-7	60	-4
0	0	0	0
29	25	-11	14
0	0	0	0
1	11	17	-36
0	0	0	0
12	21	-18	-22
0	0	0	0
35	9	60	38
0	0	0	0
-42	-8	65	-40
0	0	0	0
-28	-32	106	28
0	0	0	0
-22	-47	111	76
0	0	0	0
-23	-29	147	48
0	0	0	0
-38	-37	139	30
0	0	0	0
18	-12	71	48
0	0	0	0
-26	-22	147	34
0	0	0	0
-2	23	-20	-38
0	0	0	0
32	9	26	20
0	0	0	0
1	2	51	-16
0	0	0	0
-42	-25	138	18
0	0	0	0
-29	-7	37	-12
0	0	0	0
-22	-11	85	20
0	0	0	0
11	17	-11	-20
0	0	0	0
35	26	39	20
0	0	0	0
25	-7	30	48
0	0	0	0
-27	-34	57	30
0	0	0	0
14	1	62	44
0	0	0	0
17	33	-24	-32
0	0	0	0
5	-15	41	38
0	0	0	0
0	23	24	-50
0	0	0	0
-25	-7	51	-2
0	0	0	0
-44	-16	-8	-12
0	0	0	0
-48	-39	41	4
0	0	0	0
-41	-5	79	-40
0	0	0	0
10	17	-30	-42
0	0	0	0
3	16	-18	-38
0	0	0	0
4	-3	6	22
0	0	0	0
18	11	79	16
0	0	0	0
-3	0	63	-4
0	0	0	0
-35	-25	160	26
0	0	0	0
-28	-39	124	64
0	0	0	0
5	-8	33	40
0	0	0	0
0	-9	-8	18
0	0	0	0
-34	-49	166	62
0	0	0	0
-35	-38	55	34
0	0	0	0
-23	-25	50	30
0	0	0	0
8	10	99	4
0	0	0	0
9	-16	76	50
0	0	0	0
-29	-19	63	20
0	0	0	0
-1	17	-11	-48
0	0	0	0
26	13	-45	8
0	0	0	0
-36	-20	33	22
0	0	0	0
12	21	-34	-4
0	0	0	0
-7	-19	38	42
0	0	0	0
-33	-11	52	-26
0	0	0	0
-41	-32	152	28
0	0	0	0
-36	-51	67	64
0	0	0	0
-16	-14	80	18
0	0	0	0
-3	-27	123	54
0	0	0	0
17	10	-3	-8
0	0	0	0
19	33	-38	-28
0	0	0	0
-19	-14	46	0
0	0	0	0
-12	-4	39	6
0	0	0	0
-52	-44	103	12
0	0	0	0
39	16	11	38
0	0	0	0
-4	-11	88	34
0	0	0	0
15	-16	76	64
0	0	0	0
-53	-24	97	-20
0	0	0	0
-30	-21	73	-8
0	0	0	0
-25	-33	103	64
0	0	0	0
-41	-25	47	16
0	0	0	0
5	-3	54	36
0	0	0	0
-56	-24	18	-12
0	0	0	0
13	-5	14	36
0	0	0	0
-3	-30	144	58
0	0	0	0
-27	-23	120	22
0	0	0	0
-50	-55	165	40
0	0	0	0
2	13	91	-4
0	0	0	0
-34	-27	140	20
0	0	0	0
-22	-11	114	12
0	0	0	0
-23	-17	24	2
0	0	0	0
-24	-28	62	50
0	0	0	0
-53	-26	110	-8
0	0	0	0
-45	-10	-1	-20
0	0	0	0
-15	-3	81	0
0	0	0	0
-11	13	-44	-22
0	0	0	0
-47	-40	26	16
0	0	0	0
-2	0	124	20
0	0	0	0
-43	-30	98	0
0	0	0	0
-13	-20	114	42
0	0	0	0
-42	-34	104	16
0	0	0	0
7	8	51	-8
0	0	0	0
-44	-31	26	14
0	0	0	0
-15	-10	47	-4
0	0	0	0
-15	-32	57	56
0	0	0	0
-52	-43	40	8
0	0	0	0
-19	-1	-17	-16
0	0	0	0
38	15	-16	26
0	0	0	0
17	8	-32	2
0	0	0	0
-44	-24	105	-8
0	0	0	0
-36	-19	28	2
0	0	0	0
-17	-33	76	72
0	0	0	0
-19	-15	38	10
0	0	0	0
-4	-3	117	18
0	0	0	0
-39	-38	138	38
0	0	0	0
3	-8	-21	14
0	0	0	0
5	-13	41	36
0	0	0	0
31	2	38	44
0	0	0	0
-38	-30	8	-2
0	0	0	0
-31	-37	119	36
0	0	0	0
-2	8	69	0
0	0	0	0
-15	-7	26	-8
0	0	0	0
1	-1	27	14
0	0	0	0
-26	-34	118	54
0	0	0	0
13	5	-12	6
0	0	0	0
9	2	92	14
0	0	0	0
-40	-7	72	-36
0	0	0	0
0	13	21	-12
0	0	0	0
7	-25	82	64
0	0	0	0
1	2	6	10
0	0	0	0
34	10	88	36
0	0	0	0
-7	15	15	-40
0	0	0	0
2	0	28	6
0	0	0	0
-10	22	-14	-46
0	0	0	0
-39	-19	65	-22
0	0	0	0
-41	-35	144	40
0	0	0	0
2	-20	83	38
0	0	0	0
-11	-3	11	6
0	0	0	0
-24	-22	120	28
0	0	0	0
26	-4	15	56
0	0	0	0
17	10	10	2
0	0	0	0
33	3	45	48
0	0	0	0
-41	-9	79	-36
0	0	0	0
10	-4	85	22
0	0	0	0
49	6	12	62
0	0	0	0
14	-2	99	30
0	0	0	0
39	18	53	38
0	0	0	0
-31	-18	27	22
0	0	0	0
-46	-38	6	6
0	0	0	0
3	22	24	-42
0	0	0	0
-2	-25	87	62
0	0	0	0
9	-2	-34	12
0	0	0	0
-1	20	-48	-34
0	0	0	0
-21	2	34	-40
0	0	0	0
11	-2	133	34
0	0	0	0
-31	-33	77	30
0	0	0	0
0	11	24	-38
0	0	0	0
-5	29	30	-58
0	0	0	0
23	16	10	10
0	0	0	0
4	16	4	-44
0	0	0	0
-33	-26	54	36
0	0	0	0
-21	-21	149	26
0	0	0	0
-31	-44	153	54
0	0	0	0
-40	-13	1	-24
0	0	0	0
6	-12	55	38
0	0	0	0
-18	-9	31	6
0	0	0	0
7	0	90	30
0	0	0	0
30	26	-23	-4
0	0	0	0
-12	6	-29	-26
0	0	0	0
-14	1	-10	-6
0	0	0	0
-25	-32	85	34
0	0	0	0
-23	5	53	-28
0	0	0	0
32	8	73	42
0	0	0	0
-6	-14	13	10
0	0	0	0
5	0	-19	-8
0	0	0	0
39	24	11	30
0	0	0	0
23	9	2	26
0	0	0	0
-4	-20	138	36
0	0	0	0
-4	10	-1	-10
0	0	0	0
-24	-12	81	-12
0	0	0	0
1	9	-54	-28
0	0	0	0
10	14	30	-8
0	0	0	0
32	27	39	12
0	0	0	0
-2	2	124	18
0	0	0	0
-27	-31	104	48
0	0	0	0
16	24	30	-4
0	0	0	0
-15	-20	112	56
0	0	0	0
-40	-13	85	-20
0	0	0	0
-11	-3	40	-2
0	0	0	0
-36	-37	138	44
0	0	0	0
-2	-12	95	40
0	0	0	0
-44	-24	76	0
0	0	0	0
21	29	-52	-20
0	0	0	0
-29	-47	118	60
0	0	0	0
-2	-8	27	14
0	0	0	0
-24	-39	141	46
0	0	0	0
21	21	-26	8
0	0	0	0
-8	-8	27	0
0	0	0	0
-47	-18	42	-24
0	0	0	0
-30	-17	112	18
0	0	0	0
26	13	-16	0
0	0	0	0
-23	-5	24	-10
0	0	0	0
-18	-35	57	52
0	0	0	0
-16	-42	90	84
0	0	0	0
2	-22	12	46
0	0	0	0
9	22	-47	-22
0	0	0	0
-20	-31	142	38
0	0	0	0
33	29	-23	0
0	0	0	0
-39	-55	172	66
0	0	0	0
19	-2	48	58
0	0	0	0
-22	-21	43	28
0	0	0	0
-34	-21	111	22
0	0	0	0
-40	-25	43	-10
0	0	0	0
-4	-4	41	6
0	0	0	0
-15	-21	10	24
0	0	0	0
33	1	74	42
0	0	0	0
-30	-16	10	-16
0	0	0	0
-54	-33	83	-14
0	0	0	0
17	18	-45	-18
0	0	0	0
25	2	51	40
0	0	0	0
-35	-22	113	2
0	0	0	0
-12	-2	-29	-18
0	0	0	0
29	14	39	18
0	0	0	0
6	-2	68	38
0	0	0	0
38	2	18	50
0	0	0	0
-34	-10	35	-2
0	0	0	0
27	23	19	-6
0	0	0	0
-28	-1	101	-22
0	0	0	0
-7	1	28	-16
0	0	0	0
-22	-28	148	40
0	0	0	0
-32	-11	71	-4
0	0	0	0
-6	15	-34	-40
0	0	0	0
-26	-22	121	14
0	0	0	0
-25	-32	69	52
0	0	0	0
14	2	15	22
0	0	0	0
34	27	96	10
0	0	0	0
-2	-1	74	28
0	0	0	0
-51	-32	41	-10
0	0	0	0
37	24	25	26
0	0	0	0
5	-1	57	6
0	0	0	0
35	27	-24	16
0	0	0	0
18	14	3	0
0	0	0	0
19	-15	56	62
0	0	0	0
-29	-33	76	44
0	0	0	0
36	7	53	42
0	0	0	0
1	-24	61	48
0	0	0	0
-4	-7	88	30
0	0	0	0
-29	-30	42	30
0	0	0	0
12	-13	47	62
0	0	0	0
-19	-21	67	8
0	0	0	0
13	22	-30	-40
0	0	0	0
-49	-27	32	8
0	0	0	0
18	-4	58	30
0	0	0	0
-46	-43	82	24
0	0	0	0
-33	-25	20	24
0	0	0	0
30	30	-23	-8
0	0	0	0
-26	-14	37	2
0	0	0	0
-7	19	28	-34
0	0	0	0
-47	-15	47	-8
0	0	0	0
14	6	57	20
0	0	0	0
41	6	-16	42
0	0	0	0
-5	10	-36	-14
0	0	0	0
2	2	12	22
0	0	0	0
-41	-44	123	48
0	0	0	0
4	-4	56	16
0	0	0	0
17	-1	41	52
0	0	0	0
-47	-46	152	28
0	0	0	0
-10	-19	72	46
0	0	0	0
-25	-14	30	4
0	0	0	0
2	-22	80	68
0	0	0	0
-18	-15	128	26
0	0	0	0
34	21	-4	30
0	0	0	0
14	34	-24	-40
0	0	0	0
-13	-14	17	22
0	0	0	0
22	37	-30	-34
0	0	0	0
27	4	95	26
0	0	0	0
24	24	45	6
0	0	0	0
6	3	47	32
0	0	0	0
4	22	1	-22
0	0	0	0
25	2	51	40
0	0	0	0
6	14	3	-28
0	0	0	0
1	-9	69	24
0	0	0	0
-2	16	-41	-32
0	0	0	0
-18	-7	102	-2
0	0	0	0
11	-10	75	58
0	0	0	0
-33	-26	15	6
0	0	0	0
33	-4	37	64
0	0	0	0
-54	-42	33	2
0	0	0	0
-36	-42	75	46
0	0	0	0
-41	-23	-21	-8
0	0	0	0
-14	-23	45	30
0	0	0	0
-38	-48	60	56
0	0	0	0
28	22	-51	-6
0	0	0	0
-55	-10	69	-40
0	0	0	0
-37	-39	116	52
0	0	0	0
-18	2	68	-22
0	0	0	0
-12	10	26	-18
0	0	0	0
13	28	-17	-36
0	0	0	0
11	16	52	-16
0	0	0	0
22	-10	85	56
0	0	0	0
21	5	45	18
0	0	0	0
-31	-42	95	68
0	0	0	0
-43	-35	103	24
0	0	0	0
4	33	-17	-62
0	0	0	0
-13	-8	62	-10
0	0	0	0
-27	-11	36	6
0	0	0	0
16	-10	56	50
0	0	0	0
-1	-1	125	14
0	0	0	0
-23	-28	42	42
0	0	0	0
29	20	39	12
0	0	0	0
-15	-25	10	28
0	0	0	0
-44	-24	34	-2
0	0	0	0
-19	-21	93	28
0	0	0	0
-41	-21	105	-4
0	0	0	0
11	-9	28	36
0	0	0	0
-21	-10	2	8
0	0	0	0
-33	-9	10	-30
0	0	0	0
-41	-13	21	-16
0	0	0	0
5	5	-14	6
0	0	0	0
-19	2	46	-16
0	0	0	0
-3	22	50	-36
0	0	0	0
15	-21	55	68
0	0	0	0
4	19	22	-18
0	0	0	0
-70	-43	95	-22
0	0	0	0
-45	-23	104	-2
0	0	0	0
-5	13	69	-12
0	0	0	0
-22	-21	88	2
0	0	0	0
-5	-9	69	10
0	0	0	0
37	-8	38	68
0	0	0	0
10	3	119	26
0	0	0	0
-14	-16	82	6
0	0	0	0
-11	5	69	-18
0	0	0	0
-43	-30	27	6
0	0	0	0
-45	-27	159	14
0	0	0	0
20	32	47	-30
0	0	0	0
8	-18	41	48
0	0	0	0
-53	-42	68	6
0	0	0	0
-8	-7	90	2
0	0	0	0
-29	-23	105	26
0	0	0	0
-32	-15	71	0
0	0	0	0
-9	18	-21	-40
0	0	0	0
38	24	-37	16
0	0	0	0
10	22	46	-34
0	0	0	0
27	8	11	18
0	0	0	0
26	29	-3	-6
0	0	0	0
-9	-5	52	24
0	0	0	0
-5	-14	74	34
0	0	0	0
4	-10	14	20
0	0	0	0
44	16	5	40
0	0	0	0
-39	-49	117	48
0	0	0	0
5	20	10	-36
0	0	0	0
-41	-25	47	16
0	0	0	0
4	12	1	-12
0	0	0	0
8	7	-32	-18
0	0	0	0
-4	-1	46	22
0	0	0	0
14	-12	57	38
0	0	0	0
-32	-15	71	0
0	0	0	0
21	-3	-26	32
0	0	0	0
15	41	-23	-54
0	0	0	0
-38	-27	97	18
0	0	0	0
-2	-12	-15	16
0	0	0	0
-17	-25	95	18
0	0	0	0
10	-10	85	28
0	0	0	0
-7	-26	143	54
0	0	0	0
-14	-35	113	64
0	0	0	0
17	11	2	10
0	0	0	0
-6	24	-13	-48
0	0	0	0
22	21	-46	0
0	0	0	0
-32	3	16	-30
0	0	0	0
28	12	88	20
0	0	0	0
41	2	39	58
0	0	0	0
-24	-30	133	46
0	0	0	0
-44	-41	39	34
0	0	0	0
-3	-4	76	10
0	0	0	0
-20	-29	97	62
0	0	0	0
35	19	89	20
0	0	0	0
-25	6	88	-32
0	0	0	0
-20	1	-10	-20
0	0	0	0
-40	-17	111	4
0	0	0	0
-1	-18	33	36
0	0	0	0
9	-7	29	20
0	0	0	0
23	28	39	-10
0	0	0	0
25	11	30	30
0	0	0	0
-30	-26	36	14
0	0	0	0
-23	-26	100	24
0	0	0	0
22	9	51	26
0	0	0	0
-28	-20	22	12
0	0	0	0
26	13	94	24
0	0	0	0
22	9	51	26
0	0	0	0
-30	-47	167	60
0	0	0	0
-7	19	-14	-36
0	0	0	0
20	15	81	-2
0	0	0	0
-22	-24	135	26
0	0	0	0
-7	-12	75	18
0	0	0	0
-28	-51	153	68
0	0	0	0
25	14	122	22
0	0	0	0
-48	-27	109	14
0	0	0	0
-47	-26	84	-14
0	0	0	0
-3	23	29	-38
0	0	0	0
2	-10	96	38
0	0	0	0
-34	-19	14	6
0	0	0	0
-14	-10	-44	-6
0	0	0	0
5	21	-40	-30
0	0	0	0
-64	-40	116	-10
0	0	0	0
-18	-29	99	48
0	0	0	0
2	20	-40	-36
0	0	0	0
7	1	72	0
0	0	0	0
-4	13	36	-30
0	0	0	0
27	13	29	42
0	0	0	0
-28	-36	161	44
0	0	0	0
-29	1	40	-48
0	0	0	0
-11	3	69	-16
0	0	0	0
9	18	-47	-18
0	0	0	0
-27	-26	73	4
0	0	0	0
-26	-49	110	78
0	0	0	0
1	2	-7	0
0	0	0	0
10	23	9	-18
0	0	0	0
7	5	30	-6
0	0	0	0
22	-3	38	28
0	0	0	0
-18	3	-11	-8
0	0	0	0
-10	24	15	-56
0	0	0	0
-34	-10	106	-8
0	0	0	0
28	7	22	50
0	0	0	0
1	-3	-41	-6
0	0	0	0
-3	0	37	-24
0	0	0	0
-48	-15	28	-30
0	0	0	0
-42	-40	62	20
0	0	0	0
-28	-33	56	36
0	0	0	0
11	15	57	4
0	0	0	0
-40	2	51	-46
0	0	0	0
27	-4	37	50
0	0	0	0
-32	-37	123	62
0	0	0	0
24	6	74	16
0	0	0	0
-18	-4	136	6
0	0	0	0
-16	-18	-4	18
0	0	0	0
-30	-18	78	8
0	0	0	0
-30	-37	83	46
0	0	0	0
21	13	-52	-4
0	0	0	0
-26	-15	84	24
0	0	0	0
-19	-12	75	-10
0	0	0	0
3	6	63	4
0	0	0	0
-18	-31	57	48
0	0	0	0
10	-6	85	24
0	0	0	0
-5	-4	-36	0
0	0	0	0
17	36	-45	-36
0	0	0	0
-7	1	-30	0
0	0	0	0
-54	-43	67	14
0	0	0	0
32	6	47	24
0	0	0	0
-11	-4	87	20
0	0	0	0
-4	4	2	-32
0	0	0	0
-43	-13	64	-28
0	0	0	0
-8	-24	37	54
0	0	0	0
-4	13	-35	-24
0	0	0	0
3	-23	68	52
0	0	0	0
-15	-38	57	62
0	0	0	0
-34	-26	119	18
0	0	0	0
-43	-19	-7	-16
0	0	0	0
-22	3	46	-24
0	0	0	0
-37	-45	145	50
0	0	0	0
-28	-3	-12	-16
0	0	0	0
26	12	5	2
0	0	0	0
-63	-38	67	-12
0	0	0	0
-35	-34	194	46
0	0	0	0
14	3	91	34
0	0	0	0
-34	-8	38	-32
0	0	0	0
-21	-10	57	20
0	0	0	0
20	8	2	20
0	0	0	0
6	-16	26	50
0	0	0	0
-14	-8	82	-2
0	0	0	0
-44	-32	47	16
0	0	0	0
-21	-5	-32	-8
0	0	0	0
-16	-21	127	46
0	0	0	0
-31	-23	61	38
0	0	0	0
-14	11	48	-32
0	0	0	0
7	1	98	20
0	0	0	0
-35	-13	147	4
0	0	0	0
12	22	32	-30
0	0	0	0
16	14	43	16
0	0	0	0
-24	5	-11	-24
0	0	0	0
-13	-10	30	28
0	0	0	0
-5	-17	137	40
0	0	0	0
22	40	-51	-38
0	0	0	0
-29	-20	126	24
0	0	0	0
-30	-50	88	78
0	0	0	0
-21	-21	91	42
0	0	0	0
-36	-8	23	-28
0	0	0	0
-39	-45	46	50
0	0	0	0
-34	-39	82	48
0	0	0	0
-32	3	87	-36
0	0	0	0
-2	5	-36	-2
0	0	0	0
-19	-29	9	32
0	0	0	0
-10	11	-6	-44
0	0	0	0
5	11	57	-6
0	0	0	0
-46	-26	145	10
0	0	0	0
-41	-25	131	20
0	0	0	0
-8	5	103	0
0	0	0	0
-21	-28	44	28
0	0	0	0
-11	-9	-2	2
0	0	0	0
8	-14	70	36
0	0	0	0
48	29	-2	36
0	0	0	0
-17	-34	113	56
0	0	0	0
-48	-15	70	-28
0	0	0	0
-52	-10	48	-34
0	0	0	0
2	-4	83	22
0	0	0	0
-45	-23	104	-2
0	0	0	0
18	17	40	-20
0	0	0	0
43	14	25	50
0	0	0	0
24	13	11	6
0	0	0	0
-31	-33	145	52
0	0	0	0
-7	11	12	-8
0	0	0	0
18	-10	29	44
0	0	0	0
12	9	63	22
0	0	0	0
33	29	32	12
0	0	0	0
-16	-14	12	-4
0	0	0	0
-55	-18	11	-16
0	0	0	0
1	-14	145	42
0	0	0	0
-24	4	52	-20
0	0	0	0
5	-18	75	52
0	0	0	0
-35	-23	147	14
0	0	0	0
-37	-9	35	-10
0	0	0	0
11	21	2	-14
0	0	0	0
10	-16	40	60
0	0	0	0
-2	-26	108	64
0	0	0	0
19	1	-12	24
0	0	0	0
-43	-16	72	-34
0	0	0	0
-4	-32	38	62
0	0	0	0
-9	-19	68	20
0	0	0	0
-13	7	54	-16
0	0	0	0
-39	-36	70	14
0	0	0	0
26	14	-11	18
0	0	0	0
-27	1	94	-22
0	0	0	0
28	24	75	-2
0	0	0	0
2	15	-32	-40
0	0	0	0
-57	-34	54	-12
0	0	0	0
-25	-30	98	42
0	0	0	0
15	-9	113	40
0	0	0	0
13	20	80	-14
0	0	0	0
-37	-41	187	48
0	0	0	0
-31	-32	1	16
0	0	0	0
-12	8	29	-44
0	0	0	0
-47	-19	5	-6
0	0	0	0
12	2	84	30
0	0	0	0
-43	-29	145	20
0	0	0	0
-7	-11	54	16
0	0	0	0
35	16	10	38
0	0	0	0
-16	-36	93	50
0	0	0	0
16	4	30	16
0	0	0	0
-14	5	-23	-20
0	0	0	0
-55	-14	82	-26
0	0	0	0
-38	-24	131	26
0	0	0	0
