-43	53	10	53	53	46	-21	36
0	0	0	0	0	0	0	0
48	89	38	89	32	67	-60	88
0	0	0	0	0	0	0	0
21	130	82	50	21	10	34	106
0	0	0	0	0	0	0	0
7	-42	-55	72	33	140	-63	12
0	0	0	0	0	0	0	0
13	122	100	-32	39	-32	48	78
0	0	0	0	0	0	0	0
-72	-16	-41	42	25	82	-35	75
0	0	0	0	0	0	0	0
81	73	11	128	-72	117	1	134
0	0	0	0	0	0	0	0
69	86	20	103	51	132	-29	13
0	0	0	0	0	0	0	0
93	-12	-72	151	47	156	-32	19
0	0	0	0	0	0	0	0
220	119	16	137	128	111	25	92
0	0	0	0	0	0	0	0
76	23	97	-49	-49	39	-29	-1
0	0	0	0	0	0	0	0
38	34	7	80	42	83	-51	20
0	0	0	0	0	0	0	0
16	57	48	14	49	130	-48	-40
0	0	0	0	0	0	0	0
-53	19	-6	71	-24	145	-78	33
0	0	0	0	0	0	0	0
37	85	22	43	100	47	18	97
0	0	0	0	0	0	0	0
-39	55	-9	70	91	78	40	87
0	0	0	0	0	0	0	0
108	122	73	-15	118	-15	16	45
0	0	0	0	0	0	0	0
23	57	-10	73	50	55	24	111
0	0	0	0	0	0	0	0
162	124	48	90	107	154	10	119
0	0	0	0	0	0	0	0
161	128	63	67	69	77	65	53
0	0	0	0	0	0	0	0
133	78	8	178	-25	205	-13	56
0	0	0	0	0	0	0	0
24	62	29	42	97	143	-66	61
0	0	0	0	0	0	0	0
81	-7	-15	124	-27	180	-62	47
0	0	0	0	0	0	0	0
105	114	108	-36	111	100	-55	76
0	0	0	0	0	0	0	0
97	56	74	40	18	83	-31	37
0	0	0	0	0	0	0	0
0	-46	-91	136	-54	117	43	-8
0	0	0	0	0	0	0	0
89	63	2	144	36	164	-15	176
0	0	0	0	0	0	0	0
95	-11	-62	133	55	132	-22	14
0	0	0	0	0	0	0	0
41	8	62	-38	-36	51	-39	-45
0	0	0	0	0	0	0	0
6	14	-49	135	-32	121	-6	75
0	0	0	0	0	0	0	0
-40	23	22	46	72	141	-19	-23
0	0	0	0	0	0	0	0
123	117	15	111	63	78	35	124
0	0	0	0	0	0	0	0
9	-1	-30	92	-19	36	49	57
0	0	0	0	0	0	0	0
-9	-29	-83	131	30	98	-50	23
0	0	0	0	0	0	0	0
59	45	16	51	30	72	-65	77
0	0	0	0	0	0	0	0
-8	97	48	24	17	47	78	54
0	0	0	0	0	0	0	0
121	67	97	19	28	97	-102	31
0	0	0	0	0	0	0	0
-5	57	3	-36	120	8	13	102
0	0	0	0	0	0	0	0
44	37	62	-37	-12	100	1	-10
0	0	0	0	0	0	0	0
75	6	60	-46	-68	9	-26	-23
0	0	0	0	0	0	0	0
56	139	91	-38	136	-11	-24	155
0	0	0	0	0	0	0	0
182	165	106	99	114	134	-14	86
0	0	0	0	0	0	0	0
40	46	96	-58	15	13	-79	103
0	0	0	0	0	0	0	0
44	37	-50	127	49	81	76	9
0	0	0	0	0	0	0	0
127	102	89	30	87	78	-3	46
0	0	0	0	0	0	0	0
-23	95	85	9	25	-2	-31	142
0	0	0	0	0	0	0	0
72	87	31	61	119	30	56	41
0	0	0	0	0	0	0	0
103	25	44	-29	58	-36	-9	-19
0	0	0	0	0	0	0	0
149	64	-19	175	100	157	-3	56
0	0	0	0	0	0	0	0
130	84	46	47	37	87	-7	98
0	0	0	0	0	0	0	0
100	102	84	-35	65	34	-47	78
0	0	0	0	0	0	0	0
-7	7	-21	21	14	-3	68	71
0	0	0	0	0	0	0	0
112	120	-8	105	132	8	85	137
0	0	0	0	0	0	0	0
-45	66	17	33	78	50	-21	32
0	0	0	0	0	0	0	0
94	64	68	-13	15	-40	8	42
0	0	0	0	0	0	0	0
39	6	-12	140	-8	175	-56	107
0	0	0	0	0	0	0	0
-25	54	52	-102	60	-113	19	-3
0	0	0	0	0	0	0	0
140	66	35	62	7	-22	52	117
0	0	0	0	0	0	0	0
102	76	1	118	43	61	3	65
0	0	0	0	0	0	0	0
133	88	41	79	127	160	-57	77
0	0	0	0	0	0	0	0
145	91	37	70	79	-17	19	119
0	0	0	0	0	0	0	0
91	64	24	44	0	17	37	21
0	0	0	0	0	0	0	0
81	19	55	-17	-53	68	5	-6
0	0	0	0	0	0	0	0
56	19	-41	90	-4	66	-17	53
0	0	0	0	0	0	0	0
142	40	52	54	41	144	-88	27
0	0	0	0	0	0	0	0
95	99	98	-60	129	9	-15	101
0	0	0	0	0	0	0	0
122	67	40	99	56	106	-81	90
0	0	0	0	0	0	0	0
-15	2	-49	13	66	-97	77	10
0	0	0	0	0	0	0	0
116	79	0	127	10	35	21	114
0	0	0	0	0	0	0	0
123	104	6	94	84	70	44	79
0	0	0	0	0	0	0	0
-39	10	12	48	-19	132	-9	24
0	0	0	0	0	0	0	0
46	-1	-23	84	-8	119	22	-73
0	0	0	0	0	0	0	0
35	-3	0	-6	-9	4	-46	-27
0	0	0	0	0	0	0	0
106	116	93	-9	31	71	43	74
0	0	0	0	0	0	0	0
89	44	42	69	-29	110	-13	15
0	0	0	0	0	0	0	0
128	60	54	62	61	87	-12	105
0	0	0	0	0	0	0	0
-26	52	-33	133	31	159	43	92
0	0	0	0	0	0	0	0
-65	-47	-45	99	-46	242	-103	-3
0	0	0	0	0	0	0	0
126	158	96	-2	66	-53	79	38
0	0	0	0	0	0	0	0
147	30	63	-3	54	21	-94	30
0	0	0	0	0	0	0	0
71	27	17	34	68	77	-21	16
0	0	0	0	0	0	0	0
104	112	-17	139	97	66	50	134
0	0	0	0	0	0	0	0
117	76	25	72	41	-51	36	156
0	0	0	0	0	0	0	0
75	52	29	68	0	108	-75	5
0	0	0	0	0	0	0	0
73	34	-19	47	6	-47	101	78
0	0	0	0	0	0	0	0
43	58	69	67	1	84	-54	61
0	0	0	0	0	0	0	0
141	97	79	-37	90	-89	63	23
0	0	0	0	0	0	0	0
-7	61	47	28	64	14	-33	36
0	0	0	0	0	0	0	0
81	49	92	-65	58	4	-33	15
0	0	0	0	0	0	0	0
14	48	10	72	45	44	-48	97
0	0	0	0	0	0	0	0
19	-22	-113	188	-37	176	0	20
0	0	0	0	0	0	0	0
136	102	34	94	56	47	59	146
0	0	0	0	0	0	0	0
117	63	67	22	8	115	-67	100
0	0	0	0	0	0	0	0
9	56	-13	67	36	58	23	170
0	0	0	0	0	0	0	0
107	-7	-9	2	77	-73	50	11
0	0	0	0	0	0	0	0
60	81	33	33	111	108	12	107
0	0	0	0	0	0	0	0
-31	-12	-9	60	-9	152	-55	4
0	0	0	0	0	0	0	0
81	130	131	10	43	67	-21	40
0	0	0	0	0	0	0	0
154	133	115	-45	122	17	12	54
0	0	0	0	0	0	0	0
139	40	-18	85	70	63	25	110
0	0	0	0	0	0	0	0
29	-6	11	-11	-4	82	4	-38
0	0	0	0	0	0	0	0
67	74	106	-61	80	-19	-18	-2
0	0	0	0	0	0	0	0
75	76	91	-82	132	-54	-7	-25
0	0	0	0	0	0	0	0
77	105	45	80	-14	56	70	124
0	0	0	0	0	0	0	0
46	156	81	68	79	3	48	167
0	0	0	0	0	0	0	0
-59	-13	-9	-25	-58	17	18	69
0	0	0	0	0	0	0	0
-4	8	-12	-3	22	3	30	27
0	0	0	0	0	0	0	0
1	-1	-10	-9	85	37	-24	90
0	0	0	0	0	0	0	0
128	118	120	-76	165	-45	2	27
0	0	0	0	0	0	0	0
-24	23	-36	115	57	109	29	25
0	0	0	0	0	0	0	0
150	99	86	27	69	-6	54	139
0	0	0	0	0	0	0	0
36	57	-26	35	61	29	77	39
0	0	0	0	0	0	0	0
71	51	-12	16	107	-27	46	21
0	0	0	0	0	0	0	0
125	105	60	20	61	43	106	45
0	0	0	0	0	0	0	0
191	53	79	5	44	76	-88	57
0	0	0	0	0	0	0	0
51	43	-15	68	93	82	68	123
0	0	0	0	0	0	0	0
50	-7	-92	109	81	11	29	97
0	0	0	0	0	0	0	0
133	63	70	-15	87	28	-22	100
0	0	0	0	0	0	0	0
27	52	15	-47	136	-75	71	22
0	0	0	0	0	0	0	0
35	30	-9	106	-43	107	-53	84
0	0	0	0	0	0	0	0
-4	-23	-9	-20	-29	-35	39	-70
0	0	0	0	0	0	0	0
33	70	56	17	69	16	-24	43
0	0	0	0	0	0	0	0
-5	58	4	82	49	2	3	96
0	0	0	0	0	0	0	0
81	51	47	48	-42	72	37	30
0	0	0	0	0	0	0	0
32	92	73	-10	-4	24	-38	74
0	0	0	0	0	0	0	0
144	114	97	-26	44	1	47	-28
0	0	0	0	0	0	0	0
71	20	35	20	35	123	-90	24
0	0	0	0	0	0	0	0
-42	39	-4	50	94	3	-11	-11
0	0	0	0	0	0	0	0
5	-21	-44	65	-29	86	66	20
0	0	0	0	0	0	0	0
116	96	-2	45	78	22	63	129
0	0	0	0	0	0	0	0
170	66	-58	204	114	170	45	62
0	0	0	0	0	0	0	0
82	62	59	85	78	105	-44	79
0	0	0	0	0	0	0	0
55	118	55	85	67	20	13	87
0	0	0	0	0	0	0	0
132	92	-4	67	87	68	78	44
0	0	0	0	0	0	0	0
69	83	79	91	-21	122	-12	62
0	0	0	0	0	0	0	0
81	25	63	-8	-5	80	-90	25
0	0	0	0	0	0	0	0
60	26	37	49	57	66	-19	40
0	0	0	0	0	0	0	0
6	56	46	48	-8	17	-23	18
0	0	0	0	0	0	0	0
79	26	-29	85	-24	13	44	84
0	0	0	0	0	0	0	0
138	49	7	64	103	39	28	54
0	0	0	0	0	0	0	0
110	101	36	108	130	107	-52	59
0	0	0	0	0	0	0	0
43	73	58	14	75	123	-42	-9
0	0	0	0	0	0	0	0
67	26	-11	120	34	216	-25	-7
0	0	0	0	0	0	0	0
35	14	-53	35	92	-3	36	86
0	0	0	0	0	0	0	0
82	33	15	19	83	85	-13	-37
0	0	0	0	0	0	0	0
99	80	14	32	77	69	18	140
0	0	0	0	0	0	0	0
29	67	-20	48	98	21	112	92
0	0	0	0	0	0	0	0
-14	-14	-89	171	-76	156	-4	101
0	0	0	0	0	0	0	0
110	80	31	53	47	-51	92	60
0	0	0	0	0	0	0	0
136	43	55	-40	93	34	-46	8
0	0	0	0	0	0	0	0
12	46	54	-22	3	-3	21	57
0	0	0	0	0	0	0	0
105	41	5	4	81	4	63	-23
0	0	0	0	0	0	0	0
100	51	-7	21	99	69	66	9
0	0	0	0	0	0	0	0
39	116	33	48	76	80	53	113
0	0	0	0	0	0	0	0
10	5	-68	91	45	80	32	107
0	0	0	0	0	0	0	0
146	107	51	11	143	-5	52	79
0	0	0	0	0	0	0	0
82	121	53	50	84	-34	26	133
0	0	0	0	0	0	0	0
3	15	25	10	-1	75	-43	-79
0	0	0	0	0	0	0	0
108	40	-23	97	79	86	-30	104
0	0	0	0	0	0	0	0
75	33	43	41	25	115	-130	120
0	0	0	0	0	0	0	0
46	5	32	-33	37	133	-60	5
0	0	0	0	0	0	0	0
29	-48	-54	95	43	151	-113	81
0	0	0	0	0	0	0	0
53	-8	-33	34	64	-37	6	47
0	0	0	0	0	0	0	0
97	97	58	46	43	69	-44	9
0	0	0	0	0	0	0	0
-9	25	21	53	15	21	-87	40
0	0	0	0	0	0	0	0
43	87	36	-1	28	7	51	91
0	0	0	0	0	0	0	0
-11	0	11	-21	-6	80	-80	76
0	0	0	0	0	0	0	0
191	144	72	109	110	117	20	102
0	0	0	0	0	0	0	0
88	98	47	72	43	61	74	3
0	0	0	0	0	0	0	0
-6	-54	-30	58	-40	154	-47	-70
0	0	0	0	0	0	0	0
109	57	90	-21	39	-34	-45	72
0	0	0	0	0	0	0	0
126	-17	-51	83	60	125	-4	-8
0	0	0	0	0	0	0	0
25	98	51	13	45	123	-19	67
0	0	0	0	0	0	0	0
67	96	78	31	-4	127	-32	66
0	0	0	0	0	0	0	0
-36	30	1	19	2	60	71	27
0	0	0	0	0	0	0	0
150	108	-1	95	145	45	84	74
0	0	0	0	0	0	0	0
75	78	57	17	94	56	-35	12
0	0	0	0	0	0	0	0
115	63	12	47	46	-26	-11	91
0	0	0	0	0	0	0	0
31	49	5	16	4	32	13	28
0	0	0	0	0	0	0	0
40	41	-36	133	-6	110	50	46
0	0	0	0	0	0	0	0
121	165	116	89	79	139	4	110
0	0	0	0	0	0	0	0
103	17	-6	31	54	14	-12	109
0	0	0	0	0	0	0	0
26	26	36	16	-9	-14	-17	15
0	0	0	0	0	0	0	0
43	52	60	27	71	170	-83	-7
0	0	0	0	0	0	0	0
36	43	37	60	11	115	-96	64
0	0	0	0	0	0	0	0
65	42	-6	70	23	27	-32	142
0	0	0	0	0	0	0	0
88	56	33	73	-39	14	57	90
0	0	0	0	0	0	0	0
21	28	20	-6	-4	38	-71	69
0	0	0	0	0	0	0	0
-10	-4	-41	65	5	19	2	-20
0	0	0	0	0	0	0	0
6	116	70	24	136	43	-13	124
0	0	0	0	0	0	0	0
50	3	-9	91	-28	89	-31	72
0	0	0	0	0	0	0	0
113	5	39	11	-25	127	-72	-4
0	0	0	0	0	0	0	0
62	58	-13	96	26	138	52	38
0	0	0	0	0	0	0	0
14	2	4	112	-3	176	-73	67
0	0	0	0	0	0	0	0
66	80	36	6	13	43	5	49
0	0	0	0	0	0	0	0
131	93	17	52	119	45	61	137
0	0	0	0	0	0	0	0
70	76	-11	35	78	66	96	109
0	0	0	0	0	0	0	0
50	69	-20	56	76	37	45	117
0	0	0	0	0	0	0	0
99	123	45	82	71	46	3	187
0	0	0	0	0	0	0	0
-18	40	32	-51	113	-42	-25	48
0	0	0	0	0	0	0	0
72	3	-14	16	26	-39	75	5
0	0	0	0	0	0	0	0
6	17	-33	84	82	86	20	35
0	0	0	0	0	0	0	0
139	21	-65	211	50	192	-7	85
0	0	0	0	0	0	0	0
69	22	-45	96	59	-36	52	116
0	0	0	0	0	0	0	0
-18	126	80	20	73	2	7	49
0	0	0	0	0	0	0	0
54	101	96	-23	12	18	4	96
0	0	0	0	0	0	0	0
82	52	101	-78	14	25	-48	-52
0	0	0	0	0	0	0	0
10	54	12	20	-11	51	12	127
0	0	0	0	0	0	0	0
62	87	64	-59	131	-1	28	41
0	0	0	0	0	0	0	0
134	32	62	-25	8	51	-46	-23
0	0	0	0	0	0	0	0
67	5	-20	82	-45	128	-20	117
0	0	0	0	0	0	0	0
57	74	19	98	62	130	72	51
0	0	0	0	0	0	0	0
119	154	94	-30	89	-65	50	134
0	0	0	0	0	0	0	0
14	11	22	-7	11	48	20	-63
0	0	0	0	0	0	0	0
72	125	146	-27	97	45	-27	47
0	0	0	0	0	0	0	0
115	136	134	12	83	33	4	14
0	0	0	0	0	0	0	0
-1	23	51	27	4	100	-49	-77
0	0	0	0	0	0	0	0
40	72	69	38	-47	53	-3	57
0	0	0	0	0	0	0	0
59	86	36	61	0	51	-4	60
0	0	0	0	0	0	0	0
58	92	114	-135	118	-147	21	-35
0	0	0	0	0	0	0	0
80	146	75	85	81	-9	48	122
0	0	0	0	0	0	0	0
27	-5	-62	100	94	82	-42	8
0	0	0	0	0	0	0	0
-33	16	7	95	-33	197	-97	83
0	0	0	0	0	0	0	0
70	130	80	76	43	63	54	129
0	0	0	0	0	0	0	0
-61	42	-55	136	17	190	2	86
0	0	0	0	0	0	0	0
-6	22	70	-102	65	-50	-16	27
0	0	0	0	0	0	0	0
63	140	158	-130	110	-81	10	35
0	0	0	0	0	0	0	0
-145	-80	-39	-5	-86	25	-41	-30
0	0	0	0	0	0	0	0
78	0	5	45	-12	61	11	79
0	0	0	0	0	0	0	0
116	70	48	14	-9	-11	42	65
0	0	0	0	0	0	0	0
117	105	61	-12	114	37	21	54
0	0	0	0	0	0	0	0
-5	38	12	35	-1	134	-22	75
0	0	0	0	0	0	0	0
84	23	13	66	73	88	-38	-24
0	0	0	0	0	0	0	0
123	89	87	-20	45	-25	46	29
0	0	0	0	0	0	0	0
36	41	126	-81	-62	44	-30	14
0	0	0	0	0	0	0	0
99	91	44	-38	121	-94	106	-7
0	0	0	0	0	0	0	0
0	61	58	1	22	11	-52	-4
0	0	0	0	0	0	0	0
68	34	-12	85	13	89	23	-18
0	0	0	0	0	0	0	0
-4	-25	-33	56	65	6	-48	-16
0	0	0	0	0	0	0	0
64	111	117	-12	-6	90	24	41
0	0	0	0	0	0	0	0
-31	19	-26	20	-27	27	53	63
0	0	0	0	0	0	0	0
65	-1	-7	30	22	92	-33	24
0	0	0	0	0	0	0	0
-1	16	-47	103	91	149	-51	97
0	0	0	0	0	0	0	0
55	-55	-64	81	61	110	-119	16
0	0	0	0	0	0	0	0
56	7	15	44	24	69	-65	-25
0	0	0	0	0	0	0	0
-38	-30	-90	186	-96	183	5	100
0	0	0	0	0	0	0	0
35	76	11	89	90	113	-7	60
0	0	0	0	0	0	0	0
4	0	-58	168	21	120	15	149
0	0	0	0	0	0	0	0
181	119	57	103	57	89	50	32
0	0	0	0	0	0	0	0
-17	120	114	-43	94	22	-64	108
0	0	0	0	0	0	0	0
66	20	-66	178	-3	132	-31	129
0	0	0	0	0	0	0	0
67	14	-66	150	37	132	-32	44
0	0	0	0	0	0	0	0
1	15	34	44	49	102	-68	39
0	0	0	0	0	0	0	0
-93	6	-1	-32	-7	49	34	-8
0	0	0	0	0	0	0	0
30	-12	-28	134	-74	205	-48	92
0	0	0	0	0	0	0	0
47	32	-40	113	-16	44	68	54
0	0	0	0	0	0	0	0
92	65	-7	55	51	-36	93	69
0	0	0	0	0	0	0	0
11	-14	47	7	-86	77	-51	-30
0	0	0	0	0	0	0	0
40	82	46	-41	37	-83	80	14
0	0	0	0	0	0	0	0
43	62	19	8	41	15	60	6
0	0	0	0	0	0	0	0
98	129	5	87	153	-27	68	97
0	0	0	0	0	0	0	0
151	135	78	38	61	12	107	13
0	0	0	0	0	0	0	0
-12	38	43	19	45	68	-35	78
0	0	0	0	0	0	0	0
-44	52	58	19	4	58	-81	79
0	0	0	0	0	0	0	0
-56	-44	-25	92	-84	146	-44	38
0	0	0	0	0	0	0	0
55	26	-41	64	93	62	-2	56
0	0	0	0	0	0	0	0
12	72	92	-32	-4	-17	-45	-12
0	0	0	0	0	0	0	0
93	129	62	26	73	-80	92	137
0	0	0	0	0	0	0	0
-15	0	11	-5	83	-3	-12	13
0	0	0	0	0	0	0	0
18	53	-28	42	49	107	63	70
0	0	0	0	0	0	0	0
121	63	31	56	31	23	25	185
0	0	0	0	0	0	0	0
52	83	114	-40	11	37	-51	86
0	0	0	0	0	0	0	0
-18	65	15	3	133	-32	49	17
0	0	0	0	0	0	0	0
10	41	92	-61	-52	5	-10	60
0	0	0	0	0	0	0	0
-1	79	15	108	-7	133	37	53
0	0	0	0	0	0	0	0
98	115	96	-53	82	9	-23	42
0	0	0	0	0	0	0	0
-16	-24	-42	112	-10	153	25	66
0	0	0	0	0	0	0	0
131	60	66	5	16	25	-51	26
0	0	0	0	0	0	0	0
85	103	19	70	163	116	-13	119
0	0	0	0	0	0	0	0
-7	21	8	59	-14	183	-20	23
0	0	0	0	0	0	0	0
33	89	81	8	5	-34	-11	27
0	0	0	0	0	0	0	0
95	10	15	66	-58	105	-18	51
0	0	0	0	0	0	0	0
-63	19	20	12	-34	49	-6	76
0	0	0	0	0	0	0	0
-23	-52	-16	92	-82	222	-72	-7
0	0	0	0	0	0	0	0
150	77	33	114	31	54	5	112
0	0	0	0	0	0	0	0
96	131	87	28	117	40	-45	94
0	0	0	0	0	0	0	0
57	97	46	-7	126	-35	4	19
0	0	0	0	0	0	0	0
41	55	18	-2	91	48	-43	129
0	0	0	0	0	0	0	0
30	19	25	-47	91	-45	-13	-3
0	0	0	0	0	0	0	0
20	47	0	115	18	100	-22	130
0	0	0	0	0	0	0	0
31	95	87	-66	79	-62	-32	137
0	0	0	0	0	0	0	0
40	-28	-96	119	20	94	51	159
0	0	0	0	0	0	0	0
32	33	9	56	46	17	-43	37
0	0	0	0	0	0	0	0
-24	-32	2	22	-17	85	-64	-31
0	0	0	0	0	0	0	0
64	42	58	30	6	88	-52	-16
0	0	0	0	0	0	0	0
104	3	17	59	-32	152	-61	52
0	0	0	0	0	0	0	0
6	88	7	48	104	50	78	124
0	0	0	0	0	0	0	0
112	32	19	36	55	11	27	73
0	0	0	0	0	0	0	0
129	69	39	64	2	150	-5	134
0	0	0	0	0	0	0	0
48	107	44	27	37	-79	83	121
0	0	0	0	0	0	0	0
127	87	-14	159	102	149	7	117
0	0	0	0	0	0	0	0
65	137	112	-60	94	-108	48	120
0	0	0	0	0	0	0	0
-9	67	-9	15	86	-15	130	49
0	0	0	0	0	0	0	0
43	18	23	24	30	115	-118	127
0	0	0	0	0	0	0	0
5	1	-32	107	12	171	20	43
0	0	0	0	0	0	0	0
-114	23	14	-13	29	33	-4	39
0	0	0	0	0	0	0	0
-33	-3	-15	71	13	110	23	-36
0	0	0	0	0	0	0	0
16	17	-57	76	15	20	102	34
0	0	0	0	0	0	0	0
57	76	29	-4	102	30	-12	-11
0	0	0	0	0	0	0	0
151	111	66	70	110	101	-13	80
0	0	0	0	0	0	0	0
8	9	-15	109	23	176	-57	95
0	0	0	0	0	0	0	0
127	68	98	-31	56	102	-88	10
0	0	0	0	0	0	0	0
132	136	111	15	65	77	-23	68
0	0	0	0	0	0	0	0
16	-52	-21	94	-33	225	-138	9
0	0	0	0	0	0	0	0
32	104	62	13	-60	-21	91	145
0	0	0	0	0	0	0	0
117	140	86	-14	108	-34	106	139
0	0	0	0	0	0	0	0
50	33	-30	152	16	73	9	161
0	0	0	0	0	0	0	0
83	175	103	-18	146	-119	87	130
0	0	0	0	0	0	0	0
130	96	72	46	20	116	-15	110
0	0	0	0	0	0	0	0
20	111	111	3	21	104	-56	37
0	0	0	0	0	0	0	0
-66	42	51	-93	48	-91	28	-25
0	0	0	0	0	0	0	0
106	70	-1	116	3	109	4	219
0	0	0	0	0	0	0	0
79	58	33	61	-23	26	60	63
0	0	0	0	0	0	0	0
-21	19	-9	33	110	5	-34	-27
0	0	0	0	0	0	0	0
-51	14	14	-59	66	-35	-13	54
0	0	0	0	0	0	0	0
-53	19	50	-21	11	100	-36	-68
0	0	0	0	0	0	0	0
88	109	95	59	51	69	-10	91
0	0	0	0	0	0	0	0
109	73	-6	141	95	150	27	78
0	0	0	0	0	0	0	0
73	-3	-12	42	78	26	16	40
0	0	0	0	0	0	0	0
17	-43	-48	95	2	127	-117	-17
0	0	0	0	0	0	0	0
-22	56	0	29	116	55	37	53
0	0	0	0	0	0	0	0
34	41	-36	33	91	-75	125	113
0	0	0	0	0	0	0	0
142	81	46	84	69	164	-32	136
0	0	0	0	0	0	0	0
-73	-35	-30	-32	-32	32	29	16
0	0	0	0	0	0	0	0
20	-58	-25	72	-65	150	-76	-81
0	0	0	0	0	0	0	0
38	34	48	-32	31	26	-27	-77
0	0	0	0	0	0	0	0
-56	-29	-28	76	-20	111	-99	41
0	0	0	0	0	0	0	0
109	158	82	52	114	40	55	135
0	0	0	0	0	0	0	0
49	88	-12	66	152	16	-1	69
0	0	0	0	0	0	0	0
19	57	-23	146	-11	164	34	91
0	0	0	0	0	0	0	0
38	12	-10	40	83	13	12	43
0	0	0	0	0	0	0	0
179	103	62	48	77	67	16	69
0	0	0	0	0	0	0	0
-16	77	76	-31	32	-46	-5	10
0	0	0	0	0	0	0	0
92	74	55	61	75	139	-87	40
0	0	0	0	0	0	0	0
94	100	39	46	31	81	78	103
0	0	0	0	0	0	0	0
-65	28	56	7	43	120	-49	-29
0	0	0	0	0	0	0	0
-21	67	67	-60	8	-62	38	88
0	0	0	0	0	0	0	0
-104	-26	-11	47	-45	49	-46	-18
0	0	0	0	0	0	0	0
-83	-86	-56	81	-85	201	-121	7
0	0	0	0	0	0	0	0
-4	54	87	-118	106	-51	-18	38
0	0	0	0	0	0	0	0
80	94	42	-1	48	-42	87	115
0	0	0	0	0	0	0	0
103	83	18	155	-55	122	13	110
0	0	0	0	0	0	0	0
116	76	85	31	55	154	-89	44
0	0	0	0	0	0	0	0
25	91	83	-14	43	-56	-6	71
0	0	0	0	0	0	0	0
-32	20	41	-35	-6	48	43	-31
0	0	0	0	0	0	0	0
121	78	10	66	33	59	34	102
0	0	0	0	0	0	0	0
108	61	5	147	29	142	-52	79
0	0	0	0	0	0	0	0
16	12	14	51	15	200	-71	-52
0	0	0	0	0	0	0	0
15	99	94	-100	115	-119	0	71
0	0	0	0	0	0	0	0
118	93	75	16	35	27	72	-52
0	0	0	0	0	0	0	0
64	51	-44	57	114	-3	79	122
0	0	0	0	0	0	0	0
44	45	61	-15	33	129	-28	-59
0	0	0	0	0	0	0	0
50	1	62	0	-43	18	-41	-44
0	0	0	0	0	0	0	0
87	163	34	147	116	110	17	259
0	0	0	0	0	0	0	0
70	-13	5	96	-11	204	-118	26
0	0	0	0	0	0	0	0
-47	17	52	4	33	108	-46	-57
0	0	0	0	0	0	0	0
36	83	30	-16	119	-63	111	42
0	0	0	0	0	0	0	0
5	47	-33	131	29	181	21	-10
0	0	0	0	0	0	0	0
24	-31	-124	172	30	107	38	159
0	0	0	0	0	0	0	0
71	134	101	5	122	-54	-14	104
0	0	0	0	0	0	0	0
28	-4	44	-64	62	-14	7	-30
0	0	0	0	0	0	0	0
86	112	19	154	7	155	-17	169
0	0	0	0	0	0	0	0
114	90	123	-56	56	107	-81	30
0	0	0	0	0	0	0	0
66	76	40	72	56	107	-28	0
0	0	0	0	0	0	0	0
-14	-19	4	12	-11	105	-23	-54
0	0	0	0	0	0	0	0
32	-56	-50	96	-37	115	16	-43
0	0	0	0	0	0	0	0
-32	-22	-21	-10	11	57	-63	85
0	0	0	0	0	0	0	0
22	58	-30	120	71	99	14	149
0	0	0	0	0	0	0	0
54	69	50	17	-38	-22	49	68
0	0	0	0	0	0	0	0
137	112	118	-23	91	49	-35	-35
0	0	0	0	0	0	0	0
37	81	103	-109	52	-60	-6	-21
0	0	0	0	0	0	0	0
169	173	43	126	109	36	49	175
0	0	0	0	0	0	0	0
94	113	28	159	10	141	43	116
0	0	0	0	0	0	0	0
17	18	21	47	-11	149	-65	19
0	0	0	0	0	0	0	0
95	25	-9	130	25	158	-78	127
0	0	0	0	0	0	0	0
43	57	75	51	21	87	-60	110
0	0	0	0	0	0	0	0
156	180	89	79	110	105	21	171
0	0	0	0	0	0	0	0
51	-1	11	53	17	169	-76	-64
0	0	0	0	0	0	0	0
-42	49	-24	123	-19	110	65	65
0	0	0	0	0	0	0	0
-55	-12	-7	-40	-62	-47	72	15
0	0	0	0	0	0	0	0
147	60	23	62	70	4	90	79
0	0	0	0	0	0	0	0
87	103	-16	96	140	65	85	112
0	0	0	0	0	0	0	0
61	-24	7	32	-56	58	-1	-37
0	0	0	0	0	0	0	0
47	32	21	96	-14	135	-53	3
0	0	0	0	0	0	0	0
4	-35	-73	120	53	62	-34	40
0	0	0	0	0	0	0	0
-23	52	20	26	51	23	5	-30
0	0	0	0	0	0	0	0
61	68	59	-11	108	40	-10	80
0	0	0	0	0	0	0	0
67	48	-34	102	69	85	73	-4
0	0	0	0	0	0	0	0
123	139	102	28	94	-26	14	74
0	0	0	0	0	0	0	0
-31	9	47	-48	30	17	1	-102
0	0	0	0	0	0	0	0
-87	9	-1	-3	-3	-15	2	-30
0	0	0	0	0	0	0	0
88	72	22	32	97	-40	4	71
0	0	0	0	0	0	0	0
113	26	74	5	-40	69	-77	-30
0	0	0	0	0	0	0	0
-46	19	-17	-5	91	-35	38	43
0	0	0	0	0	0	0	0
-20	10	-40	14	12	-15	86	36
0	0	0	0	0	0	0	0
59	145	30	150	38	137	24	194
0	0	0	0	0	0	0	0
93	75	23	146	-50	100	-13	68
0	0	0	0	0	0	0	0
-2	16	-39	46	7	64	17	47
0	0	0	0	0	0	0	0
-37	10	31	39	-85	51	-38	39
0	0	0	0	0	0	0	0
6	51	53	42	-48	95	8	33
0	0	0	0	0	0	0	0
66	42	-32	79	26	48	41	145
0	0	0	0	0	0	0	0
-63	-18	-10	7	-28	-6	-29	60
0	0	0	0	0	0	0	0
44	29	12	20	44	-3	13	133
0	0	0	0	0	0	0	0
87	-14	-72	82	4	81	22	105
0	0	0	0	0	0	0	0
153	71	6	127	0	99	29	91
0	0	0	0	0	0	0	0
127	134	104	-19	125	-58	76	49
0	0	0	0	0	0	0	0
-7	-7	-43	65	-7	74	27	28
0	0	0	0	0	0	0	0
98	81	-5	110	70	29	74	71
0	0	0	0	0	0	0	0
66	24	40	42	54	154	-81	-16
0	0	0	0	0	0	0	0
114	145	81	56	117	6	59	116
0	0	0	0	0	0	0	0
60	35	9	107	71	181	-36	29
0	0	0	0	0	0	0	0
118	71	17	57	145	99	20	33
0	0	0	0	0	0	0	0
110	105	53	102	105	42	24	58
0	0	0	0	0	0	0	0
-32	-57	9	-34	-65	50	-4	-42
0	0	0	0	0	0	0	0
83	136	112	56	72	100	22	111
0	0	0	0	0	0	0	0
47	14	-50	111	10	106	71	52
0	0	0	0	0	0	0	0
82	68	63	8	-13	4	31	77
0	0	0	0	0	0	0	0
101	148	125	-11	127	-69	10	31
0	0	0	0	0	0	0	0
-65	61	40	-78	137	-88	20	49
0	0	0	0	0	0	0	0
-54	-9	-67	96	39	71	25	116
0	0	0	0	0	0	0	0
37	-4	-96	170	44	75	60	53
0	0	0	0	0	0	0	0
49	48	-34	167	-11	58	38	91
0	0	0	0	0	0	0	0
38	16	17	21	122	32	-61	-21
0	0	0	0	0	0	0	0
19	72	34	-13	34	12	40	60
0	0	0	0	0	0	0	0
85	23	-55	191	-13	207	-12	120
0	0	0	0	0	0	0	0
72	83	64	-31	98	31	7	40
0	0	0	0	0	0	0	0
76	24	49	28	32	48	-122	70
0	0	0	0	0	0	0	0
47	24	-24	40	62	-99	39	101
0	0	0	0	0	0	0	0
64	38	4	127	-3	257	-27	62
0	0	0	0	0	0	0	0
165	55	65	49	13	66	-25	100
0	0	0	0	0	0	0	0
88	32	-1	83	113	124	-55	34
0	0	0	0	0	0	0	0
1	64	87	35	-12	141	-58	30
0	0	0	0	0	0	0	0
-3	-4	-15	-12	-14	-41	17	55
0	0	0	0	0	0	0	0
-11	13	-42	128	-15	130	8	61
0	0	0	0	0	0	0	0
94	12	-37	47	82	49	5	61
0	0	0	0	0	0	0	0
-40	-23	34	-100	27	11	-6	-24
0	0	0	0	0	0	0	0
73	19	-9	146	-51	164	-19	79
0	0	0	0	0	0	0	0
45	67	43	39	-16	-9	-18	81
0	0	0	0	0	0	0	0
41	38	-39	162	16	176	7	153
0	0	0	0	0	0	0	0
73	59	-31	82	87	71	38	-3
0	0	0	0	0	0	0	0
63	73	-16	140	9	112	46	99
0	0	0	0	0	0	0	0
33	-17	-33	53	72	79	-56	31
0	0	0	0	0	0	0	0
3	88	80	-45	59	-31	-28	-41
0	0	0	0	0	0	0	0
7	34	-18	135	-1	183	39	45
0	0	0	0	0	0	0	0
99	44	-14	82	33	79	2	94
0	0	0	0	0	0	0	0
17	-44	-100	187	-29	146	12	33
0	0	0	0	0	0	0	0
40	157	70	81	89	81	8	137
0	0	0	0	0	0	0	0
54	-17	7	23	36	32	-42	30
0	0	0	0	0	0	0	0
140	135	70	-17	104	-42	14	76
0	0	0	0	0	0	0	0
-5	-4	-39	109	-75	22	54	45
0	0	0	0	0	0	0	0
-4	8	10	-2	57	-43	-38	-23
0	0	0	0	0	0	0	0
-39	42	5	27	96	-35	-5	0
0	0	0	0	0	0	0	0
64	33	0	107	55	93	-114	127
0	0	0	0	0	0	0	0
100	141	70	92	130	62	-20	95
0	0	0	0	0	0	0	0
142	153	116	45	111	152	-32	129
0	0	0	0	0	0	0	0
81	78	91	-32	83	50	-54	16
0	0	0	0	0	0	0	0
135	81	41	4	95	-91	25	103
0	0	0	0	0	0	0	0
11	71	2	-19	86	-37	65	39
0	0	0	0	0	0	0	0
117	130	98	22	82	-31	55	43
0	0	0	0	0	0	0	0
72	9	48	-14	-28	78	-96	39
0	0	0	0	0	0	0	0
59	29	59	63	-17	94	-93	-38
0	0	0	0	0	0	0	0
87	57	6	98	67	182	-23	-17
0	0	0	0	0	0	0	0
-12	4	37	-42	-1	68	-2	3
0	0	0	0	0	0	0	0
-34	-25	-20	76	6	132	-88	101
0	0	0	0	0	0	0	0
-76	17	34	-98	-9	-57	58	-10
0	0	0	0	0	0	0	0
59	17	-3	-20	84	-68	4	36
0	0	0	0	0	0	0	0
224	176	91	72	139	74	58	129
0	0	0	0	0	0	0	0
-4	43	14	-16	129	-33	44	-14
0	0	0	0	0	0	0	0
75	37	71	14	-18	111	-98	20
0	0	0	0	0	0	0	0
72	46	51	-20	13	-82	13	99
0	0	0	0	0	0	0	0
12	-48	-54	131	-80	239	-61	37
0	0	0	0	0	0	0	0
71	84	79	-38	68	3	-41	85
0	0	0	0	0	0	0	0
95	17	10	36	37	112	-27	35
0	0	0	0	0	0	0	0
88	-11	-46	104	78	93	-93	53
0	0	0	0	0	0	0	0
3	97	55	-5	34	3	60	55
0	0	0	0	0	0	0	0
-21	50	43	-47	60	-63	-12	-26
0	0	0	0	0	0	0	0
174	150	56	43	113	-34	100	108
0	0	0	0	0	0	0	0
5	-25	-32	65	-7	108	-97	60
0	0	0	0	0	0	0	0
28	64	-36	128	108	55	7	94
0	0	0	0	0	0	0	0
139	75	100	-41	29	9	-16	-26
0	0	0	0	0	0	0	0
106	158	89	84	61	44	84	69
0	0	0	0	0	0	0	0
7	46	16	24	-1	14	69	98
0	0	0	0	0	0	0	0
86	106	21	133	85	179	-26	76
0	0	0	0	0	0	0	0
-4	24	29	8	-8	-44	-14	-6
0	0	0	0	0	0	0	0
-7	-69	-65	3	-45	3	-1	-40
0	0	0	0	0	0	0	0
-30	-9	-17	15	-69	79	-28	85
0	0	0	0	0	0	0	0
33	62	-1	40	30	66	98	39
0	0	0	0	0	0	0	0
41	86	80	-38	15	33	-54	62
0	0	0	0	0	0	0	0
-22	-4	9	23	5	56	-79	-8
0	0	0	0	0	0	0	0
65	88	76	-27	-4	-58	49	92
0	0	0	0	0	0	0	0
78	77	-10	153	79	145	-43	155
0	0	0	0	0	0	0	0
69	0	-19	14	55	59	-9	88
0	0	0	0	0	0	0	0
73	89	2	60	160	61	22	80
0	0	0	0	0	0	0	0
78	117	81	81	45	148	-37	149
0	0	0	0	0	0	0	0
126	163	107	-30	83	-11	46	132
0	0	0	0	0	0	0	0
90	109	46	95	57	90	21	103
0	0	0	0	0	0	0	0
68	90	82	32	112	78	-63	2
0	0	0	0	0	0	0	0
132	58	-16	112	58	173	38	-20
0	0	0	0	0	0	0	0
-7	-17	-38	67	19	35	18	24
0	0	0	0	0	0	0	0
-45	79	126	-75	-28	31	-49	21
0	0	0	0	0	0	0	0
42	125	94	15	88	67	-36	48
0	0	0	0	0	0	0	0
93	57	38	47	-59	108	19	114
0	0	0	0	0	0	0	0
181	40	54	17	66	67	-99	52
0	0	0	0	0	0	0	0
37	35	35	-13	62	34	-58	21
0	0	0	0	0	0	0	0
56	62	43	69	-29	160	-66	110
0	0	0	0	0	0	0	0
87	109	113	-46	84	36	-51	124
0	0	0	0	0	0	0	0
-54	40	15	-55	57	-35	93	10
0	0	0	0	0	0	0	0
86	129	1	125	121	52	48	191
0	0	0	0	0	0	0	0
-10	28	-9	35	72	37	50	105
0	0	0	0	0	0	0	0
67	141	45	60	99	-13	57	195
0	0	0	0	0	0	0	0
72	-4	-41	69	124	106	-64	-3
0	0	0	0	0	0	0	0
11	17	10	46	39	127	-89	-7
0	0	0	0	0	0	0	0
127	43	-8	158	-6	225	-13	-12
0	0	0	0	0	0	0	0
28	18	13	20	46	-35	-43	82
0	0	0	0	0	0	0	0
-16	10	-18	90	38	114	-26	104
0	0	0	0	0	0	0	0
52	98	35	-27	73	-80	90	36
0	0	0	0	0	0	0	0
104	67	-18	44	108	-11	127	51
0	0	0	0	0	0	0	0
-20	8	-12	-6	19	-8	36	-73
0	0	0	0	0	0	0	0
42	-54	-119	212	-29	260	-4	117
0	0	0	0	0	0	0	0
46	-27	5	19	-28	96	-64	-40
0	0	0	0	0	0	0	0
51	54	-18	100	74	47	16	101
0	0	0	0	0	0	0	0
89	5	-20	78	4	91	10	48
0	0	0	0	0	0	0	0
2	135	133	-58	118	-22	-22	99
0	0	0	0	0	0	0	0
-17	-41	-48	81	-43	133	-37	32
0	0	0	0	0	0	0	0
81	120	69	9	24	-3	74	128
0	0	0	0	0	0	0	0
-53	16	-25	24	65	50	-33	-30
0	0	0	0	0	0	0	0
123	66	2	146	79	99	48	84
0	0	0	0	0	0	0	0
38	66	45	50	-5	75	66	47
0	0	0	0	0	0	0	0
40	26	1	19	54	26	78	81
0	0	0	0	0	0	0	0
47	124	98	-61	57	-49	51	91
0	0	0	0	0	0	0	0
92	51	60	-80	128	-82	-20	-3
0	0	0	0	0	0	0	0
112	43	-6	51	50	59	39	64
0	0	0	0	0	0	0	0
9	91	116	-77	85	1	-29	4
0	0	0	0	0	0	0	0
32	68	23	-42	115	-126	71	57
0	0	0	0	0	0	0	0
117	134	112	17	125	73	-62	47
0	0	0	0	0	0	0	0
125	46	-16	149	105	160	-44	85
0	0	0	0	0	0	0	0
75	34	42	67	25	132	-81	-17
0	0	0	0	0	0	0	0
-79	-36	-1	33	-57	45	-69	-9
0	0	0	0	0	0	0	0
75	16	25	84	32	192	-109	93
0	0	0	0	0	0	0	0
105	119	86	49	42	174	-15	91
0	0	0	0	0	0	0	0
-51	64	-1	-2	34	16	76	37
0	0	0	0	0	0	0	0
28	-8	-14	68	51	129	-25	93
0	0	0	0	0	0	0	0
73	154	102	-41	121	-76	43	129
0	0	0	0	0	0	0	0
74	-3	-26	130	41	187	-79	50
0	0	0	0	0	0	0	0
17	-22	-123	207	-8	145	2	114
0	0	0	0	0	0	0	0
58	79	29	52	94	47	84	49
0	0	0	0	0	0	0	0
38	39	17	-31	70	-60	63	18
0	0	0	0	0	0	0	0
80	79	20	56	-39	93	37	130
0	0	0	0	0	0	0	0
72	44	113	-13	-13	65	-76	38
0	0	0	0	0	0	0	0
-7	25	26	86	-39	234	-100	27
0	0	0	0	0	0	0	0
74	134	108	-46	29	-13	91	51
0	0	0	0	0	0	0	0
65	111	107	-20	11	88	-26	75
0	0	0	0	0	0	0	0
-50	2	-52	136	-54	153	-20	90
0	0	0	0	0	0	0	0
-14	6	30	62	-38	155	-62	-8
0	0	0	0	0	0	0	0
102	89	83	-31	71	-57	55	3
0	0	0	0	0	0	0	0
56	55	23	84	89	195	-40	-10
0	0	0	0	0	0	0	0
105	71	47	44	14	30	19	122
0	0	0	0	0	0	0	0
30	102	-17	135	114	114	71	131
0	0	0	0	0	0	0	0
20	120	78	-31	13	14	84	82
0	0	0	0	0	0	0	0
104	133	87	-13	54	-71	111	98
0	0	0	0	0	0	0	0
4	164	129	-9	25	-18	46	64
0	0	0	0	0	0	0	0
167	95	65	39	31	43	5	44
0	0	0	0	0	0	0	0
7	63	13	81	54	107	19	77
0	0	0	0	0	0	0	0
20	81	71	-85	82	-91	19	-38
0	0	0	0	0	0	0	0
102	52	-48	209	9	190	-19	134
0	0	0	0	0	0	0	0
108	75	57	25	-1	70	-29	37
0	0	0	0	0	0	0	0
85	114	124	-7	127	1	-36	19
0	0	0	0	0	0	0	0
-61	-45	-9	58	-46	189	-49	-30
0	0	0	0	0	0	0	0
13	89	76	41	44	54	-15	81
0	0	0	0	0	0	0	0
17	101	101	-35	36	-11	-44	19
0	0	0	0	0	0	0	0
32	9	74	-57	12	5	-39	68
0	0	0	0	0	0	0	0
21	32	37	70	36	139	-118	95
0	0	0	0	0	0	0	0
3	79	-8	62	99	-12	96	153
0	0	0	0	0	0	0	0
22	51	-11	129	-27	112	58	73
0	0	0	0	0	0	0	0
-20	107	106	-80	66	-84	-9	19
0	0	0	0	0	0	0	0
64	52	-10	85	13	98	14	114
0	0	0	0	0	0	0	0
56	76	25	138	-61	55	42	75
0	0	0	0	0	0	0	0
-19	74	21	-38	138	-47	57	95
0	0	0	0	0	0	0	0
242	122	71	63	130	49	0	97
0	0	0	0	0	0	0	0
37	63	-22	10	116	22	54	130
0	0	0	0	0	0	0	0
-4	56	56	-2	-24	10	19	36
0	0	0	0	0	0	0	0
122	146	79	6	94	-12	93	144
0	0	0	0	0	0	0	0
-13	67	17	48	26	100	25	-2
0	0	0	0	0	0	0	0
106	130	102	-3	26	103	-6	73
0	0	0	0	0	0	0	0
47	17	-40	27	28	-15	37	89
0	0	0	0	0	0	0	0
-13	-18	-24	109	-25	144	24	13
0	0	0	0	0	0	0	0
-23	55	-2	6	-1	29	90	79
0	0	0	0	0	0	0	0
9	-18	-45	101	-38	121	-41	-34
0	0	0	0	0	0	0	0
129	59	48	47	-43	79	21	94
0	0	0	0	0	0	0	0
110	-22	-93	199	45	192	-47	88
0	0	0	0	0	0	0	0
97	23	44	60	28	96	-45	56
0	0	0	0	0	0	0	0
-25	-25	60	18	-77	142	-107	9
0	0	0	0	0	0	0	0
75	71	32	-33	79	-9	39	-20
0	0	0	0	0	0	0	0
-1	25	4	68	-6	101	34	-48
0	0	0	0	0	0	0	0
14	24	26	-5	-40	60	36	45
0	0	0	0	0	0	0	0
0	29	-57	129	7	135	-8	27
0	0	0	0	0	0	0	0
136	1	-42	174	-16	146	11	25
0	0	0	0	0	0	0	0
20	4	-79	180	23	212	-27	105
0	0	0	0	0	0	0	0
71	158	66	-9	136	-126	110	98
0	0	0	0	0	0	0	0
89	38	28	82	-12	134	-17	117
0	0	0	0	0	0	0	0
-33	13	21	-60	59	-11	-45	85
0	0	0	0	0	0	0	0
46	36	76	-12	-9	103	-78	15
0	0	0	0	0	0	0	0
90	45	-33	83	67	78	78	-17
0	0	0	0	0	0	0	0
82	24	0	38	-23	60	-38	95
0	0	0	0	0	0	0	0
117	110	63	112	9	150	28	96
0	0	0	0	0	0	0	0
-30	-8	40	-1	-39	72	-50	42
0	0	0	0	0	0	0	0
65	127	97	-17	52	22	-29	123
0	0	0	0	0	0	0	0
100	64	9	148	-8	142	-17	46
0	0	0	0	0	0	0	0
151	142	90	73	82	92	33	18
0	0	0	0	0	0	0	0
53	86	73	10	-51	12	69	100
0	0	0	0	0	0	0	0
1	71	0	71	65	-9	39	8
0	0	0	0	0	0	0	0
131	52	-18	132	23	177	33	-4
0	0	0	0	0	0	0	0
72	70	33	103	34	248	-49	41
0	0	0	0	0	0	0	0
-22	35	-21	39	100	77	-23	68
0	0	0	0	0	0	0	0
96	158	65	132	70	133	40	158
0	0	0	0	0	0	0	0
41	43	33	58	-2	44	16	144
0	0	0	0	0	0	0	0
175	88	67	70	94	74	-98	73
0	0	0	0	0	0	0	0
70	155	79	39	133	-10	-1	85
0	0	0	0	0	0	0	0
-37	22	35	39	-40	164	-99	58
0	0	0	0	0	0	0	0
19	50	2	97	-42	74	9	66
0	0	0	0	0	0	0	0
113	128	19	137	140	155	-17	118
0	0	0	0	0	0	0	0
231	116	56	88	75	57	45	90
0	0	0	0	0	0	0	0
-42	63	99	-35	-1	33	-79	83
0	0	0	0	0	0	0	0
-24	-51	39	-11	-73	73	-74	-57
0	0	0	0	0	0	0	0
-19	39	-28	3	27	54	98	68
0	0	0	0	0	0	0	0
28	58	43	56	-30	46	45	98
0	0	0	0	0	0	0	0
105	127	71	35	51	42	87	150
0	0	0	0	0	0	0	0
99	94	123	-47	31	84	-55	-15
0	0	0	0	0	0	0	0
81	4	0	96	56	70	-14	47
0	0	0	0	0	0	0	0
125	98	1	183	61	158	-27	219
0	0	0	0	0	0	0	0
-75	58	-6	37	61	61	15	69
0	0	0	0	0	0	0	0
56	76	76	40	40	70	-78	-2
0	0	0	0	0	0	0	0
24	-12	37	-30	-45	-20	-47	-17
0	0	0	0	0	0	0	0
66	-10	36	-30	4	83	-68	-10
0	0	0	0	0	0	0	0
64	128	105	-62	168	-100	-32	36
0	0	0	0	0	0	0	0
11	32	43	13	6	32	-14	122
0	0	0	0	0	0	0	0
118	52	49	114	-28	99	-3	10
0	0	0	0	0	0	0	0
59	65	3	76	36	-13	26	218
0	0	0	0	0	0	0	0
-23	-3	-19	-33	39	49	-17	34
0	0	0	0	0	0	0	0
12	-5	22	-14	43	63	-4	36
0	0	0	0	0	0	0	0
-19	-30	4	-10	16	25	-53	-51
0	0	0	0	0	0	0	0
36	57	61	-25	-2	5	41	26
0	0	0	0	0	0	0	0
81	51	44	24	42	21	37	-24
0	0	0	0	0	0	0	0
112	77	100	-4	23	113	-51	94
0	0	0	0	0	0	0	0
12	-16	45	-102	34	-7	-9	-92
0	0	0	0	0	0	0	0
-36	-6	9	52	-19	100	-98	7
0	0	0	0	0	0	0	0
30	24	-9	73	41	75	-80	28
0	0	0	0	0	0	0	0
111	0	29	10	59	32	-88	20
0	0	0	0	0	0	0	0
20	-13	-57	43	-24	0	110	10
0	0	0	0	0	0	0	0
137	90	57	24	33	16	56	24
0	0	0	0	0	0	0	0
61	69	41	131	16	198	-41	129
0	0	0	0	0	0	0	0
47	123	85	-73	94	-32	-11	83
0	0	0	0	0	0	0	0
46	107	65	10	129	33	1	108
0	0	0	0	0	0	0	0
70	93	113	14	1	98	-51	48
0	0	0	0	0	0	0	0
79	31	52	17	-9	113	-100	-22
0	0	0	0	0	0	0	0
69	121	54	92	-12	10	43	68
0	0	0	0	0	0	0	0
48	-51	-26	50	-8	159	-73	1
0	0	0	0	0	0	0	0
-71	11	19	-96	46	-17	-11	40
0	0	0	0	0	0	0	0
42	-7	-61	67	90	4	43	62
0	0	0	0	0	0	0	0
-42	51	39	-57	36	30	-27	70
0	0	0	0	0	0	0	0
-60	13	55	-48	-31	19	-33	34
0	0	0	0	0	0	0	0
19	-41	-70	160	-8	255	-53	72
0	0	0	0	0	0	0	0
131	156	103	77	130	67	-7	48
0	0	0	0	0	0	0	0
-7	-6	-26	80	52	209	-85	47
0	0	0	0	0	0	0	0
-53	19	12	-55	39	-58	66	-18
0	0	0	0	0	0	0	0
73	95	52	89	26	118	-60	11
0	0	0	0	0	0	0	0
83	38	0	75	22	158	-25	82
0	0	0	0	0	0	0	0
-25	25	3	40	4	78	55	-6
0	0	0	0	0	0	0	0
17	13	-15	88	4	38	22	110
0	0	0	0	0	0	0	0
43	46	0	25	-2	-34	112	38
0	0	0	0	0	0	0	0
-20	20	-17	40	72	18	-21	42
0	0	0	0	0	0	0	0
40	-3	41	46	-7	154	-94	-58
0	0	0	0	0	0	0	0
30	-33	-81	58	35	73	8	140
0	0	0	0	0	0	0	0
-124	10	7	-73	-6	-28	39	9
0	0	0	0	0	0	0	0
-14	-2	15	-42	23	-73	-13	73
0	0	0	0	0	0	0	0
-34	56	2	-12	10	33	57	74
0	0	0	0	0	0	0	0
25	4	2	91	19	155	-22	85
0	0	0	0	0	0	0	0
-52	41	-5	49	93	31	-22	77
0	0	0	0	0	0	0	0
54	-15	-70	50	37	-75	118	50
0	0	0	0	0	0	0	0
164	68	19	82	105	54	6	87
0	0	0	0	0	0	0	0
60	65	25	-23	114	12	-30	120
0	0	0	0	0	0	0	0
-76	49	58	-11	7	74	-25	-39
0	0	0	0	0	0	0	0
79	-11	-13	132	-28	145	-82	8
0	0	0	0	0	0	0	0
60	81	51	30	81	15	-75	84
0	0	0	0	0	0	0	0
-16	-5	54	39	-73	139	-102	21
0	0	0	0	0	0	0	0
29	95	-5	31	63	-38	139	66
0	0	0	0	0	0	0	0
103	128	16	164	62	88	22	169
0	0	0	0	0	0	0	0
27	14	6	23	20	-12	7	-2
0	0	0	0	0	0	0	0
48	16	-41	129	29	149	-58	154
0	0	0	0	0	0	0	0
-22	-56	-54	35	-9	25	37	32
0	0	0	0	0	0	0	0
114	66	-60	176	121	92	29	105
0	0	0	0	0	0	0	0
53	2	3	121	-57	201	-79	7
0	0	0	0	0	0	0	0
113	63	59	23	91	37	-2	60
0	0	0	0	0	0	0	0
-26	-11	-8	26	-33	75	-65	64
0	0	0	0	0	0	0	0
9	89	96	-47	9	-32	23	50
0	0	0	0	0	0	0	0
106	57	43	-3	81	-95	31	49
0	0	0	0	0	0	0	0
45	-5	22	2	6	58	-111	64
0	0	0	0	0	0	0	0
75	102	96	-20	38	-14	-2	69
0	0	0	0	0	0	0	0
24	-26	-57	159	-16	154	11	71
0	0	0	0	0	0	0	0
77	156	93	49	107	58	1	179
0	0	0	0	0	0	0	0
15	53	-29	120	43	107	72	47
0	0	0	0	0	0	0	0
122	64	-8	70	73	73	66	67
0	0	0	0	0	0	0	0
11	-22	-65	90	-50	114	65	23
0	0	0	0	0	0	0	0
49	-30	-31	48	-3	66	0	-12
0	0	0	0	0	0	0	0
138	76	40	28	46	-62	81	52
0	0	0	0	0	0	0	0
27	8	-9	53	38	59	8	108
0	0	0	0	0	0	0	0
-60	13	-8	-52	54	-48	8	-65
0	0	0	0	0	0	0	0
106	43	10	103	58	103	-13	74
0	0	0	0	0	0	0	0
51	66	-8	10	92	-22	83	113
0	0	0	0	0	0	0	0
48	13	-23	40	-8	49	89	-29
0	0	0	0	0	0	0	0
102	137	88	37	144	48	-52	72
0	0	0	0	0	0	0	0
89	6	24	47	1	139	-63	11
0	0	0	0	0	0	0	0
42	144	136	-30	102	-14	-10	38
0	0	0	0	0	0	0	0
33	97	13	123	23	151	9	122
0	0	0	0	0	0	0	0
27	-1	-44	137	44	70	-58	79
0	0	0	0	0	0	0	0
86	-31	-65	94	-39	102	38	4
0	0	0	0	0	0	0	0
101	56	75	-34	53	72	-23	-26
0	0	0	0	0	0	0	0
34	22	11	-12	83	29	-91	91
0	0	0	0	0	0	0	0
-9	97	58	70	34	39	5	98
0	0	0	0	0	0	0	0
0	49	-15	145	1	178	-17	125
0	0	0	0	0	0	0	0
1	76	28	4	76	87	12	67
0	0	0	0	0	0	0	0
169	38	41	10	3	81	-7	-22
0	0	0	0	0	0	0	0
96	88	21	145	43	160	-18	190
0	0	0	0	0	0	0	0
54	112	138	-100	66	-16	-38	66
0	0	0	0	0	0	0	0
-36	48	49	10	41	126	-33	-3
0	0	0	0	0	0	0	0
2	15	-7	109	-46	152	20	8
0	0	0	0	0	0	0	0
124	94	27	6	137	-51	102	41
0	0	0	0	0	0	0	0
-4	81	22	23	82	-26	73	22
0	0	0	0	0	0	0	0
58	36	8	127	35	183	-59	104
0	0	0	0	0	0	0	0
3	46	1	54	107	58	-11	-46
0	0	0	0	0	0	0	0
76	-15	-49	138	-60	169	4	49
0	0	0	0	0	0	0	0
52	53	40	37	-54	78	-27	66
0	0	0	0	0	0	0	0
85	89	19	133	42	77	-33	125
0	0	0	0	0	0	0	0
46	37	-11	52	-29	89	63	124
0	0	0	0	0	0	0	0
17	112	92	38	18	105	-64	25
0	0	0	0	0	0	0	0
6	1	-13	-7	45	-24	26	101
0	0	0	0	0	0	0	0
-51	-6	4	54	-6	69	-59	99
0	0	0	0	0	0	0	0
103	106	59	7	88	70	37	68
0	0	0	0	0	0	0	0
149	100	24	155	45	173	32	81
0	0	0	0	0	0	0	0
28	62	-41	88	144	51	16	88
0	0	0	0	0	0	0	0
4	45	48	-90	102	-89	48	-59
0	0	0	0	0	0	0	0
58	59	77	13	33	59	-31	111
0	0	0	0	0	0	0	0
29	-28	-22	-21	7	-21	-2	-39
0	0	0	0	0	0	0	0
50	73	126	-110	49	-11	-23	10
0	0	0	0	0	0	0	0
75	-40	-20	36	25	132	-83	-88
0	0	0	0	0	0	0	0
63	51	51	-4	7	58	-23	37
0	0	0	0	0	0	0	0
150	85	41	47	93	89	-7	169
0	0	0	0	0	0	0	0
97	132	61	15	159	-17	50	89
0	0	0	0	0	0	0	0
91	41	3	118	-69	144	-22	103
0	0	0	0	0	0	0	0
81	81	91	-34	55	-96	-14	85
0	0	0	0	0	0	0	0
-52	5	-49	116	-28	83	8	5
0	0	0	0	0	0	0	0
-64	-56	-22	85	-80	183	-38	-21
0	0	0	0	0	0	0	0
143	108	92	6	-3	-15	80	-6
0	0	0	0	0	0	0	0
58	10	-35	33	23	-90	71	66
0	0	0	0	0	0	0	0
5	32	-8	72	109	71	-39	64
0	0	0	0	0	0	0	0
65	113	16	116	110	52	-8	90
0	0	0	0	0	0	0	0
-103	27	-22	41	49	49	21	52
0	0	0	0	0	0	0	0
146	119	37	75	100	33	40	112
0	0	0	0	0	0	0	0
-54	-2	-48	102	5	120	-25	-3
0	0	0	0	0	0	0	0
26	131	124	-16	44	18	-12	-5
0	0	0	0	0	0	0	0
61	-14	14	-34	51	-20	-3	-16
0	0	0	0	0	0	0	0
68	129	57	51	66	24	82	46
0	0	0	0	0	0	0	0
49	74	-19	45	109	-13	104	71
0	0	0	0	0	0	0	0
127	81	75	-8	59	-40	56	87
0	0	0	0	0	0	0	0
67	-52	-77	131	-55	169	7	1
0	0	0	0	0	0	0	0
108	84	10	66	84	48	-9	140
0	0	0	0	0	0	0	0
55	0	-23	41	79	57	24	-19
0	0	0	0	0	0	0	0
134	89	57	32	86	19	25	101
0	0	0	0	0	0	0	0
21	28	78	-62	-53	15	-22	38
0	0	0	0	0	0	0	0
20	23	-79	116	44	37	90	45
0	0	0	0	0	0	0	0
48	68	24	72	22	163	-16	42
0	0	0	0	0	0	0	0
-69	-34	-20	88	-63	102	-63	38
0	0	0	0	0	0	0	0
92	46	35	124	-8	94	-10	54
0	0	0	0	0	0	0	0
43	-2	21	14	9	28	-70	-22
0	0	0	0	0	0	0	0
-115	-53	-34	51	-52	42	-54	1
0	0	0	0	0	0	0	0
145	87	92	-5	59	22	-2	100
0	0	0	0	0	0	0	0
15	14	16	54	55	4	-99	36
0	0	0	0	0	0	0	0
32	17	55	-30	19	45	-32	-124
0	0	0	0	0	0	0	0
32	4	-48	126	5	208	48	51
0	0	0	0	0	0	0	0
-53	5	8	38	-34	37	-51	-14
0	0	0	0	0	0	0	0
142	52	-30	131	117	122	-6	38
0	0	0	0	0	0	0	0
31	82	20	75	104	8	37	12
0	0	0	0	0	0	0	0
30	8	-31	50	8	77	66	52
0	0	0	0	0	0	0	0
92	168	83	2	103	-30	73	153
0	0	0	0	0	0	0	0
90	23	-28	47	125	118	19	91
0	0	0	0	0	0	0	0
52	104	98	-1	17	-22	28	6
0	0	0	0	0	0	0	0
133	62	32	38	59	-19	-7	80
0	0	0	0	0	0	0	0
42	40	-53	57	110	-46	84	75
0	0	0	0	0	0	0	0
117	91	15	109	88	54	85	81
0	0	0	0	0	0	0	0
8	-14	-46	104	48	126	-89	-20
0	0	0	0	0	0	0	0
10	22	-39	88	40	134	-10	-6
0	0	0	0	0	0	0	0
122	105	85	-7	64	-56	61	134
0	0	0	0	0	0	0	0
46	3	25	55	20	29	-83	26
0	0	0	0	0	0	0	0
-12	19	-24	89	-3	150	-62	91
0	0	0	0	0	0	0	0
128	76	15	150	-13	219	-1	155
0	0	0	0	0	0	0	0
81	111	39	89	130	110	10	103
0	0	0	0	0	0	0	0
88	72	-5	58	59	23	3	159
0	0	0	0	0	0	0	0
122	88	69	39	146	100	-62	19
0	0	0	0	0	0	0	0
120	102	102	-4	124	64	-34	20
0	0	0	0	0	0	0	0
39	107	58	30	91	16	-14	19
0	0	0	0	0	0	0	0
1	105	43	70	2	40	24	62
0	0	0	0	0	0	0	0
53	32	75	-42	37	76	-35	38
0	0	0	0	0	0	0	0
33	58	46	55	-65	100	-29	105
0	0	0	0	0	0	0	0
16	-11	-79	81	29	26	61	159
0	0	0	0	0	0	0	0
38	22	-5	63	68	108	-12	-71
0	0	0	0	0	0	0	0
32	54	-12	-8	41	-94	136	1
0	0	0	0	0	0	0	0
-22	116	93	-53	9	-22	57	78
0	0	0	0	0	0	0	0
19	106	73	34	61	-41	-5	34
0	0	0	0	0	0	0	0
88	57	19	78	78	38	-73	89
0	0	0	0	0	0	0	0
-21	10	11	81	-61	109	-12	101
0	0	0	0	0	0	0	0
58	55	-28	162	53	145	-54	172
0	0	0	0	0	0	0	0
-8	-4	-25	94	36	71	-60	56
0	0	0	0	0	0	0	0
97	82	107	-64	60	-42	-50	23
0	0	0	0	0	0	0	0
-37	18	6	-3	75	0	-39	65
0	0	0	0	0	0	0	0
81	46	78	14	-15	7	-52	32
0	0	0	0	0	0	0	0
38	105	87	21	-15	34	14	57
0	0	0	0	0	0	0	0
84	1	23	45	5	86	-51	-13
0	0	0	0	0	0	0	0
102	105	121	11	4	149	-44	4
0	0	0	0	0	0	0	0
102	92	22	116	113	74	33	69
0	0	0	0	0	0	0	0
83	58	-12	95	24	77	83	28
0	0	0	0	0	0	0	0
74	-19	-11	-10	74	31	-59	37
0	0	0	0	0	0	0	0
40	52	40	-7	21	97	16	38
0	0	0	0	0	0	0	0
100	2	61	-36	10	72	-81	66
0	0	0	0	0	0	0	0
47	83	78	50	26	200	-60	58
0	0	0	0	0	0	0	0
107	88	-44	216	74	178	0	167
0	0	0	0	0	0	0	0
92	91	75	39	95	73	-60	101
0	0	0	0	0	0	0	0
16	11	39	64	-24	179	-63	-71
0	0	0	0	0	0	0	0
133	87	25	87	81	110	-5	74
0	0	0	0	0	0	0	0
51	6	33	26	34	148	-96	43
0	0	0	0	0	0	0	0
86	99	31	85	86	78	87	74
0	0	0	0	0	0	0	0
35	39	23	-12	-15	33	32	75
0	0	0	0	0	0	0	0
56	47	-7	148	-12	225	13	65
0	0	0	0	0	0	0	0
57	45	41	81	-12	141	-9	-27
0	0	0	0	0	0	0	0
157	88	28	70	133	105	-24	26
0	0	0	0	0	0	0	0
24	88	57	66	-22	84	19	84
0	0	0	0	0	0	0	0
112	132	94	61	95	62	-13	166
0	0	0	0	0	0	0	0
55	90	71	34	41	83	-18	14
0	0	0	0	0	0	0	0
62	82	-22	156	101	33	70	129
0	0	0	0	0	0	0	0
-17	69	24	49	56	50	-29	51
0	0	0	0	0	0	0	0
-7	-9	-19	21	-9	48	-75	12
0	0	0	0	0	0	0	0
-22	1	-1	-34	42	67	-31	-67
0	0	0	0	0	0	0	0
20	-48	-17	41	-5	115	-98	-26
0	0	0	0	0	0	0	0
-36	-48	-45	80	-38	189	-27	10
0	0	0	0	0	0	0	0
49	137	51	4	114	-26	50	112
0	0	0	0	0	0	0	0
142	48	-1	70	-25	96	47	85
0	0	0	0	0	0	0	0
52	49	72	-60	47	-3	-30	66
0	0	0	0	0	0	0	0
-4	132	76	43	62	51	25	137
0	0	0	0	0	0	0	0
105	74	94	0	10	30	15	33
0	0	0	0	0	0	0	0
82	86	97	31	69	133	-93	96
0	0	0	0	0	0	0	0
80	51	7	86	37	86	-71	46
0	0	0	0	0	0	0	0
64	141	140	-69	87	-56	1	25
0	0	0	0	0	0	0	0
79	52	85	7	19	83	-51	101
0	0	0	0	0	0	0	0
66	68	73	-1	44	83	-17	85
0	0	0	0	0	0	0	0
73	98	37	138	16	185	-58	177
0	0	0	0	0	0	0	0
63	126	99	38	55	93	-11	94
0	0	0	0	0	0	0	0
5	20	-11	85	27	31	-19	77
0	0	0	0	0	0	0	0
100	-1	-103	141	52	91	58	50
0	0	0	0	0	0	0	0
127	49	54	53	33	77	-13	50
0	0	0	0	0	0	0	0
158	121	36	127	94	108	41	76
0	0	0	0	0	0	0	0
38	20	-6	13	-36	39	-14	75
0	0	0	0	0	0	0	0
51	114	91	47	73	46	-74	113
0	0	0	0	0	0	0	0
-33	60	6	5	43	-43	63	19
0	0	0	0	0	0	0	0
23	30	-12	144	-81	72	36	86
0	0	0	0	0	0	0	0
2	-5	-9	64	-92	113	6	71
0	0	0	0	0	0	0	0
35	-7	4	110	8	198	-95	76
0	0	0	0	0	0	0	0
57	23	16	60	31	122	-61	139
0	0	0	0	0	0	0	0
-20	-28	-63	57	-14	3	83	15
0	0	0	0	0	0	0	0
-32	-55	1	58	-57	168	-89	16
0	0	0	0	0	0	0	0
-29	11	4	40	12	4	-1	-58
0	0	0	0	0	0	0	0
-1	30	-16	58	26	128	10	-35
0	0	0	0	0	0	0	0
-67	47	21	-41	54	-41	57	69
0	0	0	0	0	0	0	0
-46	-59	-40	4	-74	18	24	-15
0	0	0	0	0	0	0	0
79	135	5	152	109	104	30	161
0	0	0	0	0	0	0	0
50	29	82	-84	13	-51	-37	-4
0	0	0	0	0	0	0	0
143	23	-74	243	67	250	-25	156
0	0	0	0	0	0	0	0
96	98	93	-21	94	36	17	25
0	0	0	0	0	0	0	0
-46	47	-7	54	43	21	37	140
0	0	0	0	0	0	0	0
157	65	16	122	17	198	5	165
0	0	0	0	0	0	0	0
117	59	6	91	72	85	15	57
0	0	0	0	0	0	0	0
74	121	53	64	58	-41	75	145
0	0	0	0	0	0	0	0
50	88	74	-11	-11	-15	75	138
0	0	0	0	0	0	0	0
114	134	109	-51	94	-31	0	21
0	0	0	0	0	0	0	0
65	10	-6	32	-30	44	104	-1
0	0	0	0	0	0	0	0
-60	7	1	49	37	84	-73	91
0	0	0	0	0	0	0	0
91	14	-47	172	42	152	-83	111
0	0	0	0	0	0	0	0
-40	-36	-17	-38	-52	-79	6	-28
0	0	0	0	0	0	0	0
-29	50	2	-16	77	7	-6	-18
0	0	0	0	0	0	0	0
55	72	74	-47	74	-12	3	116
0	0	0	0	0	0	0	0
36	1	-39	80	90	67	-55	63
0	0	0	0	0	0	0	0
57	25	0	54	-1	-14	56	65
0	0	0	0	0	0	0	0
47	125	56	81	79	30	40	70
0	0	0	0	0	0	0	0
34	52	54	59	-21	71	-3	96
0	0	0	0	0	0	0	0
81	33	-26	59	52	104	80	89
0	0	0	0	0	0	0	0
-7	90	85	-51	108	15	-38	80
0	0	0	0	0	0	0	0
97	54	-8	133	-10	130	-6	126
0	0	0	0	0	0	0	0
14	-58	-75	91	-42	187	-37	-11
0	0	0	0	0	0	0	0
-27	63	89	-94	25	-44	18	7
0	0	0	0	0	0	0	0
-7	74	84	-55	29	26	1	-49
0	0	0	0	0	0	0	0
38	39	-6	114	69	152	25	92
0	0	0	0	0	0	0	0
105	131	70	74	104	77	-70	102
0	0	0	0	0	0	0	0
-8	33	0	9	9	57	-38	29
0	0	0	0	0	0	0	0
96	113	63	60	91	50	22	114
0	0	0	0	0	0	0	0
-18	28	-9	76	-50	74	15	88
0	0	0	0	0	0	0	0
84	63	-20	65	133	12	67	51
0	0	0	0	0	0	0	0
105	90	35	40	8	45	61	93
0	0	0	0	0	0	0	0
40	59	107	-70	-25	21	-35	2
0	0	0	0	0	0	0	0
36	-53	-80	157	1	153	8	31
0	0	0	0	0	0	0	0
31	64	129	-107	-5	-10	-42	41
0	0	0	0	0	0	0	0
139	168	57	138	84	139	7	187
0	0	0	0	0	0	0	0
35	108	130	-77	71	-40	-16	-57
0	0	0	0	0	0	0	0
-6	54	13	130	-67	108	19	91
0	0	0	0	0	0	0	0
8	41	13	-16	74	29	-59	15
0	0	0	0	0	0	0	0
88	59	41	48	82	87	-7	103
0	0	0	0	0	0	0	0
-15	35	25	-96	70	-91	24	-80
0	0	0	0	0	0	0	0
31	34	-18	27	-13	22	45	47
0	0	0	0	0	0	0	0
-32	-39	-98	138	24	29	-2	77
0	0	0	0	0	0	0	0
101	108	19	89	91	104	34	181
0	0	0	0	0	0	0	0
78	51	-12	46	125	-4	103	52
0	0	0	0	0	0	0	0
62	69	43	38	-74	-15	64	111
0	0	0	0	0	0	0	0
84	24	-9	45	60	59	-37	91
0	0	0	0	0	0	0	0
78	70	53	-15	110	23	46	45
0	0	0	0	0	0	0	0
30	49	42	-37	15	-42	27	57
0	0	0	0	0	0	0	0
74	42	2	6	33	38	54	-9
0	0	0	0	0	0	0	0
-35	-29	-74	74	-39	-8	58	-25
0	0	0	0	0	0	0	0
77	-37	-110	120	1	62	64	31
0	0	0	0	0	0	0	0
26	-15	-51	84	57	110	-40	84
0	0	0	0	0	0	0	0
20	81	-36	158	61	77	70	128
0	0	0	0	0	0	0	0
84	60	5	67	53	66	-40	176
0	0	0	0	0	0	0	0
63	24	37	32	49	68	-57	26
0	0	0	0	0	0	0	0
26	114	53	60	57	13	11	185
0	0	0	0	0	0	0	0
-9	20	42	-27	28	-42	-40	-52
0	0	0	0	0	0	0	0
32	-7	-17	-4	74	31	-1	77
0	0	0	0	0	0	0	0
64	97	86	-31	81	-94	20	107
0	0	0	0	0	0	0	0
2	114	76	4	68	5	-8	92
0	0	0	0	0	0	0	0
105	17	-28	42	82	4	-37	100
0	0	0	0	0	0	0	0
33	38	38	99	-68	211	-114	108
0	0	0	0	0	0	0	0
59	88	49	-1	18	-12	45	140
0	0	0	0	0	0	0	0
16	-48	-34	11	43	36	-67	6
0	0	0	0	0	0	0	0
23	-35	-12	51	-61	98	-78	-38
0	0	0	0	0	0	0	0
113	5	-51	146	68	164	-13	14
0	0	0	0	0	0	0	0
97	131	33	161	41	188	-3	180
0	0	0	0	0	0	0	0
128	50	-61	165	94	147	59	31
0	0	0	0	0	0	0	0
-23	92	-14	121	90	51	79	150
0	0	0	0	0	0	0	0
-39	15	6	-25	25	-13	-10	64
0	0	0	0	0	0	0	0
46	37	-68	88	70	12	90	129
0	0	0	0	0	0	0	0
74	122	67	73	9	31	66	120
0	0	0	0	0	0	0	0
124	75	-1	48	78	37	52	97
0	0	0	0	0	0	0	0
147	60	19	95	-26	134	60	56
0	0	0	0	0	0	0	0
64	70	6	36	74	111	59	72
0	0	0	0	0	0	0	0
24	57	-68	154	119	66	45	52
0	0	0	0	0	0	0	0
59	68	-1	63	76	126	79	78
0	0	0	0	0	0	0	0
-7	-18	-1	11	-32	59	-5	-26
0	0	0	0	0	0	0	0
-18	29	8	55	12	121	13	8
0	0	0	0	0	0	0	0
35	27	-44	113	34	133	64	1
0	0	0	0	0	0	0	0
205	71	50	65	-10	93	20	43
0	0	0	0	0	0	0	0
12	55	-32	39	77	-41	136	79
0	0	0	0	0	0	0	0
41	86	38	94	36	128	13	-3
0	0	0	0	0	0	0	0
53	-27	6	46	26	68	-93	-42
0	0	0	0	0	0	0	0
39	106	83	17	-3	121	-67	73
0	0	0	0	0	0	0	0
71	64	42	16	-5	5	7	62
0	0	0	0	0	0	0	0
53	64	16	12	41	3	55	-36
0	0	0	0	0	0	0	0
42	-23	-109	194	18	132	-23	61
0	0	0	0	0	0	0	0
59	44	88	-19	5	137	-104	53
0	0	0	0	0	0	0	0
10	-7	-15	-26	42	-59	-23	-15
0	0	0	0	0	0	0	0
68	58	5	112	-53	101	20	161
0	0	0	0	0	0	0	0
133	52	68	-12	98	26	-47	-13
0	0	0	0	0	0	0	0
124	58	28	22	52	39	27	34
0	0	0	0	0	0	0	0
-33	-78	-86	115	-19	119	-63	1
0	0	0	0	0	0	0	0
150	38	-6	76	72	52	13	102
0	0	0	0	0	0	0	0
55	103	-14	130	118	12	54	90
0	0	0	0	0	0	0	0
68	81	7	65	37	50	104	25
0	0	0	0	0	0	0	0
-19	23	10	93	-35	133	-22	88
0	0	0	0	0	0	0	0
65	128	71	17	11	13	65	151
0	0	0	0	0	0	0	0
51	19	-48	139	43	172	-8	88
0	0	0	0	0	0	0	0
42	95	56	13	114	99	-53	112
0	0	0	0	0	0	0	0
34	-64	-98	157	-48	196	-20	-15
0	0	0	0	0	0	0	0
25	12	-22	68	1	125	-2	46
0	0	0	0	0	0	0	0
-19	-13	-37	32	-10	76	-12	0
0	0	0	0	0	0	0	0
128	32	-41	126	55	102	25	57
0	0	0	0	0	0	0	0
33	8	9	36	-14	62	-78	67
0	0	0	0	0	0	0	0
-102	24	11	-55	25	-39	53	-46
0	0	0	0	0	0	0	0
-115	-46	-69	108	-50	87	-12	47
0	0	0	0	0	0	0	0
128	22	-16	135	-19	138	43	74
0	0	0	0	0	0	0	0
26	18	17	11	-38	95	-2	85
0	0	0	0	0	0	0	0
131	39	-23	158	67	102	-11	91
0	0	0	0	0	0	0	0
56	73	73	-39	92	46	-68	46
0	0	0	0	0	0	0	0
-28	-11	7	-12	-52	58	-25	19
0	0	0	0	0	0	0	0
38	-9	48	-25	-20	34	-22	-54
0	0	0	0	0	0	0	0
76	-26	-38	132	-25	222	-43	71
0	0	0	0	0	0	0	0
9	0	0	33	-42	45	-60	-34
0	0	0	0	0	0	0	0
13	61	-27	168	-28	200	-36	180
0	0	0	0	0	0	0	0
148	69	33	66	-12	70	65	43
0	0	0	0	0	0	0	0
-63	51	30	0	18	21	25	40
0	0	0	0	0	0	0	0
-22	-17	-41	12	2	9	7	125
0	0	0	0	0	0	0	0
126	53	-28	161	17	113	4	111
0	0	0	0	0	0	0	0
20	32	32	42	-53	91	-7	111
0	0	0	0	0	0	0	0
60	36	21	23	136	126	-60	-39
0	0	0	0	0	0	0	0
-30	45	-40	76	44	112	29	73
0	0	0	0	0	0	0	0
48	40	-30	36	41	-19	122	-29
0	0	0	0	0	0	0	0
78	39	-10	64	83	76	9	-4
0	0	0	0	0	0	0	0
100	54	22	95	76	104	-90	55
0	0	0	0	0	0	0	0
88	76	-7	75	38	-10	49	179
0	0	0	0	0	0	0	0
81	69	44	13	68	-22	76	87
0	0	0	0	0	0	0	0
154	123	52	123	78	194	5	174
0	0	0	0	0	0	0	0
